year,FIPS,area_name,age_in_yrs_num,age_in_yrs_char,total,total_male,total_female,nh_white_total,nh_white_male,nh_white_female,nh_black_total,nh_black_male,nh_black_female,hispanic_total,hispanic_male,hispanic_female,nh_asian_total,nh_asian_male,nh_asian_female,nh_other_total,nh_other_male,nh_other_female
2010,157,Fort Bend County,-1,All Ages,585375,287368,298007,211680,105559,106121,123267,57949,65318,138967,69283,69684,98762,48373,50389,12699,6204,6495
2010,157,Fort Bend County,0,< 1 yr,8202,4243,3959,2388,1295,1093,1561,786,775,2666,1344,1322,1241,639,602,346,179,167
2010,157,Fort Bend County,1,1 yr,8569,4351,4218,2572,1328,1244,1732,864,868,2660,1327,1333,1262,641,621,343,191,152
2010,157,Fort Bend County,2,2 yrs,8676,4430,4246,2533,1299,1234,1772,898,874,2637,1358,1279,1414,714,700,320,161,159
2010,157,Fort Bend County,3,3 yrs,9056,4561,4495,2640,1344,1296,1873,927,946,2745,1376,1369,1455,743,712,343,171,172
2010,157,Fort Bend County,4,4 yrs,9245,4803,4442,2814,1497,1317,1879,983,896,2722,1402,1320,1513,767,746,317,154,163
2010,157,Fort Bend County,5,5 yrs,9458,4795,4663,2827,1471,1356,1915,929,986,2832,1448,1384,1541,772,769,343,175,168
2010,157,Fort Bend County,6,6 yrs,9809,4950,4859,2951,1459,1492,2054,1032,1022,2813,1443,1370,1622,825,797,369,191,178
2010,157,Fort Bend County,7,7 yrs,9863,4995,4868,2906,1422,1484,2105,1119,986,2879,1444,1435,1650,857,793,323,153,170
2010,157,Fort Bend County,8,8 yrs,9820,5115,4705,2965,1539,1426,2089,1084,1005,2873,1458,1415,1558,847,711,335,187,148
2010,157,Fort Bend County,9,9 yrs,10179,5236,4943,3020,1548,1472,2262,1147,1115,2853,1453,1400,1686,904,782,358,184,174
2010,157,Fort Bend County,10,10 yrs,10219,5297,4922,3151,1679,1472,2285,1174,1111,2872,1476,1396,1568,792,776,343,176,167
2010,157,Fort Bend County,11,11 yrs,10069,5091,4978,2980,1529,1451,2308,1174,1134,2891,1451,1440,1549,771,778,341,166,175
2010,157,Fort Bend County,12,12 yrs,10118,5167,4951,2988,1530,1458,2393,1182,1211,2785,1445,1340,1621,852,769,331,158,173
2010,157,Fort Bend County,13,13 yrs,10036,5212,4824,3153,1643,1510,2355,1229,1126,2651,1367,1284,1593,829,764,284,144,140
2010,157,Fort Bend County,14,14 yrs,10135,5255,4880,3198,1660,1538,2409,1231,1178,2686,1385,1301,1557,834,723,285,145,140
2010,157,Fort Bend County,15,15 yrs,10040,5113,4927,3101,1585,1516,2390,1179,1211,2694,1405,1289,1562,796,766,293,148,145
2010,157,Fort Bend County,16,16 yrs,10196,5189,5007,3250,1639,1611,2408,1245,1163,2724,1378,1346,1539,793,746,275,134,141
2010,157,Fort Bend County,17,17 yrs,10145,5337,4808,3174,1675,1499,2500,1328,1172,2668,1376,1292,1534,819,715,269,139,130
2010,157,Fort Bend County,18,18 yrs,8562,4551,4011,2627,1402,1225,2124,1125,999,2397,1284,1113,1199,633,566,215,107,108
2010,157,Fort Bend County,19,19 yrs,6585,3490,3095,1633,855,778,1716,939,777,2150,1154,996,932,467,465,154,75,79
2010,157,Fort Bend County,20,20 yrs,6313,3302,3011,1542,823,719,1592,837,755,2060,1087,973,984,478,506,135,77,58
2010,157,Fort Bend County,21,21 yrs,6019,3193,2826,1567,827,740,1471,773,698,1934,1041,893,929,491,438,118,61,57
2010,157,Fort Bend County,22,22 yrs,5938,3002,2936,1680,844,836,1342,626,716,1840,1015,825,959,459,500,117,58,59
2010,157,Fort Bend County,23,23 yrs,6289,3221,3068,1913,946,967,1348,683,665,1897,1009,888,989,518,471,142,65,77
2010,157,Fort Bend County,24,24 yrs,6384,3241,3143,1970,1008,962,1333,646,687,1916,1028,888,1049,505,544,116,54,62
2010,157,Fort Bend County,25,25 yrs,6732,3337,3395,2187,1075,1112,1369,655,714,1894,955,939,1179,599,580,103,53,50
2010,157,Fort Bend County,26,26 yrs,6435,3098,3337,2009,974,1035,1317,613,704,1836,920,916,1142,536,606,131,55,76
2010,157,Fort Bend County,27,27 yrs,6967,3387,3580,2266,1116,1150,1378,660,718,2057,1024,1033,1147,535,612,119,52,67
2010,157,Fort Bend County,28,28 yrs,7057,3465,3592,2289,1122,1167,1390,651,739,2047,1062,985,1197,575,622,134,55,79
2010,157,Fort Bend County,29,29 yrs,7327,3503,3824,2381,1172,1209,1485,688,797,2125,1031,1094,1179,547,632,157,65,92
2010,157,Fort Bend County,30,30 yrs,7563,3527,4036,2431,1173,1258,1655,736,919,2064,1017,1047,1275,542,733,138,59,79
2010,157,Fort Bend County,31,31 yrs,7430,3455,3975,2412,1170,1242,1545,654,891,2045,1012,1033,1274,557,717,154,62,92
2010,157,Fort Bend County,32,32 yrs,7658,3605,4053,2441,1188,1253,1570,686,884,2145,1070,1075,1345,593,752,157,68,89
2010,157,Fort Bend County,33,33 yrs,7901,3618,4283,2474,1201,1273,1679,735,944,2176,1019,1157,1439,617,822,133,46,87
2010,157,Fort Bend County,34,34 yrs,8061,3750,4311,2418,1182,1236,1690,722,968,2260,1089,1171,1539,681,858,154,76,78
2010,157,Fort Bend County,35,35 yrs,8793,4058,4735,2712,1293,1419,1817,782,1035,2379,1166,1213,1717,734,983,168,83,85
2010,157,Fort Bend County,36,36 yrs,8691,4042,4649,2616,1306,1310,1946,829,1117,2183,1040,1143,1778,787,991,168,80,88
2010,157,Fort Bend County,37,37 yrs,9228,4315,4913,2799,1359,1440,2066,895,1171,2319,1110,1209,1887,883,1004,157,68,89
2010,157,Fort Bend County,38,38 yrs,9628,4438,5190,3111,1493,1618,2140,923,1217,2335,1108,1227,1887,837,1050,155,77,78
2010,157,Fort Bend County,39,39 yrs,10058,4771,5287,3382,1667,1715,2255,988,1267,2335,1143,1192,1924,886,1038,162,87,75
2010,157,Fort Bend County,40,40 yrs,9902,4624,5278,3430,1654,1776,2085,888,1197,2352,1141,1211,1880,864,1016,155,77,78
2010,157,Fort Bend County,41,41 yrs,9359,4421,4938,3197,1533,1664,2017,897,1120,2148,1061,1087,1839,855,984,158,75,83
2010,157,Fort Bend County,42,42 yrs,9071,4344,4727,3178,1622,1556,1984,879,1105,2099,1006,1093,1686,790,896,124,47,77
2010,157,Fort Bend County,43,43 yrs,9072,4424,4648,3251,1634,1617,1928,870,1058,2002,992,1010,1759,866,893,132,62,70
2010,157,Fort Bend County,44,44 yrs,9179,4457,4722,3196,1576,1620,1960,892,1068,2090,1030,1060,1798,896,902,135,63,72
2010,157,Fort Bend County,45,45 yrs,9253,4513,4740,3469,1746,1723,1983,877,1106,2014,1000,1014,1635,820,815,152,70,82
2010,157,Fort Bend County,46,46 yrs,9272,4343,4929,3444,1623,1821,2001,844,1157,1937,927,1010,1747,882,865,143,67,76
2010,157,Fort Bend County,47,47 yrs,9442,4609,4833,3688,1876,1812,1990,896,1094,1859,898,961,1760,867,893,145,72,73
2010,157,Fort Bend County,48,48 yrs,9052,4389,4663,3763,1850,1913,1892,854,1038,1748,870,878,1491,746,745,158,69,89
2010,157,Fort Bend County,49,49 yrs,9238,4375,4863,3852,1845,2007,1996,924,1072,1656,797,859,1589,750,839,145,59,86
2010,157,Fort Bend County,50,50 yrs,9590,4746,4844,4206,2126,2080,2016,959,1057,1657,846,811,1573,745,828,138,70,68
2010,157,Fort Bend County,51,51 yrs,9395,4549,4846,4332,2132,2200,1912,866,1046,1561,783,778,1462,704,758,128,64,64
2010,157,Fort Bend County,52,52 yrs,9295,4563,4732,4306,2209,2097,1926,861,1065,1504,727,777,1432,699,733,127,67,60
2010,157,Fort Bend County,53,53 yrs,9018,4456,4562,4252,2189,2063,1849,841,1008,1404,689,715,1385,679,706,128,58,70
2010,157,Fort Bend County,54,54 yrs,8679,4388,4291,3907,2033,1874,1811,858,953,1362,691,671,1452,729,723,147,77,70
2010,157,Fort Bend County,55,55 yrs,8307,4029,4278,3763,1874,1889,1847,855,992,1234,580,654,1331,658,673,132,62,70
2010,157,Fort Bend County,56,56 yrs,7587,3726,3861,3485,1790,1695,1613,700,913,1140,530,610,1239,648,591,110,58,52
2010,157,Fort Bend County,57,57 yrs,7498,3670,3828,3421,1713,1708,1572,704,868,1071,525,546,1316,671,645,118,57,61
2010,157,Fort Bend County,58,58 yrs,7080,3423,3657,3334,1743,1591,1483,593,890,1034,513,521,1108,523,585,121,51,70
2010,157,Fort Bend County,59,59 yrs,6492,3186,3306,2981,1508,1473,1336,621,715,904,452,452,1175,561,614,96,44,52
2010,157,Fort Bend County,60,60 yrs,6386,3175,3211,2917,1491,1426,1322,617,705,919,460,459,1131,565,566,97,42,55
2010,157,Fort Bend County,61,61 yrs,5818,2867,2951,2681,1369,1312,1246,554,692,802,401,401,989,488,501,100,55,45
2010,157,Fort Bend County,62,62 yrs,5668,2782,2886,2774,1416,1358,1095,509,586,790,357,433,917,450,467,92,50,42
2010,157,Fort Bend County,63,63 yrs,5427,2688,2739,2788,1431,1357,942,413,529,739,352,387,862,441,421,96,51,45
2010,157,Fort Bend County,64,64 yrs,4083,2022,2061,1884,955,929,720,344,376,656,308,348,767,383,384,56,32,24
2010,157,Fort Bend County,65,65 yrs,3909,1886,2023,1899,937,962,665,296,369,554,260,294,717,352,365,74,41,33
2010,157,Fort Bend County,66,66 yrs,3661,1776,1885,1850,948,902,625,254,371,504,219,285,634,328,306,48,27,21
2010,157,Fort Bend County,67,67 yrs,3339,1670,1669,1716,870,846,523,242,281,472,210,262,584,327,257,44,21,23
2010,157,Fort Bend County,68,68 yrs,2843,1411,1432,1433,715,718,435,196,239,402,204,198,520,272,248,53,24,29
2010,157,Fort Bend County,69,69 yrs,2683,1256,1427,1297,630,667,429,187,242,417,186,231,503,237,266,37,16,21
2010,157,Fort Bend County,70,70 yrs,2483,1218,1265,1223,601,622,360,163,197,386,177,209,471,253,218,43,24,19
2010,157,Fort Bend County,71,71 yrs,2252,1063,1189,1148,553,595,342,155,187,328,127,201,406,215,191,28,13,15
2010,157,Fort Bend County,72,72 yrs,2078,946,1132,1047,488,559,301,112,189,333,145,188,373,193,180,24,8,16
2010,157,Fort Bend County,73,73 yrs,1842,834,1008,924,454,470,260,96,164,293,110,183,347,166,181,18,8,10
2010,157,Fort Bend County,74,74 yrs,1818,788,1030,939,431,508,247,100,147,288,105,183,328,144,184,16,8,8
2010,157,Fort Bend County,75,75 yrs,1601,736,865,828,378,450,214,93,121,255,117,138,285,142,143,19,6,13
2010,157,Fort Bend County,76,76 yrs,1402,624,778,753,332,421,208,82,126,213,84,129,212,116,96,16,10,6
2010,157,Fort Bend County,77,77 yrs,1428,607,821,786,342,444,202,69,133,214,89,125,209,98,111,17,9,8
2010,157,Fort Bend County,78,78 yrs,1269,558,711,732,322,410,145,54,91,209,87,122,172,88,84,11,7,4
2010,157,Fort Bend County,79,79 yrs,1213,498,715,678,293,385,143,45,98,197,73,124,182,81,101,13,6,7
2010,157,Fort Bend County,80,80 yrs,1175,468,707,669,259,410,134,50,84,201,89,112,163,65,98,8,5,3
2010,157,Fort Bend County,81,81 yrs,1074,424,650,628,248,380,155,57,98,145,54,91,136,63,73,10,2,8
2010,157,Fort Bend County,82,82 yrs,971,398,573,565,247,318,129,36,93,129,52,77,129,53,76,19,10,9
2010,157,Fort Bend County,83,83 yrs,877,327,550,503,193,310,108,38,70,133,42,91,124,52,72,9,2,7
2010,157,Fort Bend County,84,84 yrs,783,288,495,500,191,309,89,22,67,103,41,62,86,30,56,5,4,1
2010,157,Fort Bend County,85,85 yrs,761,270,491,490,174,316,83,24,59,83,32,51,96,37,59,9,3,6
2010,157,Fort Bend County,86,86 yrs,628,233,395,389,161,228,80,18,62,90,31,59,64,23,41,5,0,5
2010,157,Fort Bend County,87,87 yrs,540,184,356,342,116,226,62,15,47,68,27,41,63,25,38,5,1,4
2010,157,Fort Bend County,88,88 yrs,483,160,323,323,112,211,54,15,39,54,15,39,48,16,32,4,2,2
2010,157,Fort Bend County,89,89 yrs,360,116,244,226,72,154,37,11,26,30,8,22,56,20,36,11,5,6
2010,157,Fort Bend County,90,90 yrs,296,113,183,183,75,108,46,10,36,31,13,18,33,15,18,3,0,3
2010,157,Fort Bend County,91,91 yrs,229,55,174,137,34,103,34,5,29,25,6,19,28,9,19,5,1,4
2010,157,Fort Bend County,92,92 yrs,195,49,146,137,37,100,20,4,16,20,2,18,14,3,11,4,3,1
2010,157,Fort Bend County,93,93 yrs,153,48,105,98,27,71,26,11,15,17,6,11,11,4,7,1,0,1
2010,157,Fort Bend County,94,94 yrs,101,26,75,67,11,56,12,5,7,12,6,6,10,4,6,0,0,0
2010,157,Fort Bend County,95,95+ yrs,311,60,251,200,32,168,55,11,44,34,10,24,20,7,13,2,0,2
2011,157,Fort Bend County,-1,All Ages,607316,298160,309156,217589,108572,109017,126739,59544,67195,144926,72193,72733,104574,51252,53322,13488,6599,6889
2011,157,Fort Bend County,0,< 1 yr,8009,4088,3921,2095,1068,1027,1605,819,786,2728,1391,1337,1210,620,590,371,190,181
2011,157,Fort Bend County,1,1 yr,8476,4384,4092,2439,1323,1116,1583,795,788,2753,1387,1366,1346,696,650,355,183,172
2011,157,Fort Bend County,2,2 yrs,8899,4522,4377,2639,1364,1275,1776,885,891,2759,1376,1383,1372,701,671,353,196,157
2011,157,Fort Bend County,3,3 yrs,9019,4609,4410,2599,1334,1265,1817,920,897,2736,1409,1327,1536,780,756,331,166,165
2011,157,Fort Bend County,4,4 yrs,9413,4745,4668,2709,1380,1329,1921,950,971,2849,1428,1421,1580,811,769,354,176,178
2011,157,Fort Bend County,5,5 yrs,9611,4996,4615,2887,1537,1350,1927,1007,920,2825,1455,1370,1644,838,806,328,159,169
2011,157,Fort Bend County,6,6 yrs,9758,4948,4810,2900,1510,1390,1963,951,1012,2919,1495,1424,1623,813,810,353,179,174
2011,157,Fort Bend County,7,7 yrs,10121,5109,5012,3027,1498,1529,2105,1056,1049,2900,1490,1410,1709,869,840,380,196,184
2011,157,Fort Bend County,8,8 yrs,10176,5154,5022,2981,1460,1521,2157,1144,1013,2967,1491,1476,1738,902,836,333,157,176
2011,157,Fort Bend County,9,9 yrs,10127,5277,4850,3042,1580,1462,2140,1109,1031,2961,1505,1456,1641,892,749,343,191,152
2011,157,Fort Bend County,10,10 yrs,10499,5402,5097,3098,1589,1509,2317,1173,1144,2941,1500,1441,1776,952,824,367,188,179
2011,157,Fort Bend County,11,11 yrs,10521,5455,5066,3267,1743,1524,2352,1208,1144,2933,1506,1427,1615,817,798,354,181,173
2011,157,Fort Bend County,12,12 yrs,10365,5241,5124,3089,1587,1502,2375,1207,1168,2953,1480,1473,1596,796,800,352,171,181
2011,157,Fort Bend County,13,13 yrs,10416,5320,5096,3098,1589,1509,2463,1216,1247,2844,1474,1370,1669,878,791,342,163,179
2011,157,Fort Bend County,14,14 yrs,10336,5369,4967,3271,1707,1564,2423,1264,1159,2708,1395,1313,1641,855,786,293,148,145
2011,157,Fort Bend County,15,15 yrs,10407,5383,5024,3305,1713,1592,2473,1257,1216,2741,1411,1330,1597,855,742,291,147,144
2011,157,Fort Bend County,16,16 yrs,10316,5262,5054,3248,1668,1580,2455,1213,1242,2706,1412,1294,1608,817,791,299,152,147
2011,157,Fort Bend County,17,17 yrs,10368,5276,5092,3371,1704,1667,2437,1259,1178,2724,1378,1346,1565,803,762,271,132,139
2011,157,Fort Bend County,18,18 yrs,9799,5206,4593,3080,1658,1422,2417,1302,1115,2595,1343,1252,1440,767,673,267,136,131
2011,157,Fort Bend County,19,19 yrs,8025,4274,3751,2413,1284,1129,2042,1088,954,2264,1218,1046,1093,579,514,213,105,108
2011,157,Fort Bend County,20,20 yrs,6833,3637,3196,1715,913,802,1800,989,811,2187,1172,1015,968,484,484,163,79,84
2011,157,Fort Bend County,21,21 yrs,6538,3388,3150,1557,826,731,1651,859,792,2116,1106,1010,1072,515,557,142,82,60
2011,157,Fort Bend County,22,22 yrs,6306,3305,3001,1621,848,773,1533,797,736,1992,1058,934,1034,535,499,126,67,59
2011,157,Fort Bend County,23,23 yrs,6332,3179,3153,1806,901,905,1401,652,749,1899,1039,860,1102,526,576,124,61,63
2011,157,Fort Bend County,24,24 yrs,6581,3363,3218,1988,985,1003,1388,700,688,1968,1039,929,1087,571,516,150,68,82
2011,157,Fort Bend County,25,25 yrs,6671,3365,3306,2037,1042,995,1386,669,717,1972,1050,922,1152,545,607,124,59,65
2011,157,Fort Bend County,26,26 yrs,7120,3529,3591,2275,1116,1159,1409,674,735,2003,1004,999,1324,679,645,109,56,53
2011,157,Fort Bend County,27,27 yrs,6778,3250,3528,2069,1008,1061,1356,630,726,1938,965,973,1277,588,689,138,59,79
2011,157,Fort Bend County,28,28 yrs,7359,3575,3784,2355,1165,1190,1411,678,733,2171,1075,1096,1297,602,695,125,55,70
2011,157,Fort Bend County,29,29 yrs,7408,3614,3794,2338,1141,1197,1427,666,761,2153,1109,1044,1348,639,709,142,59,83
2011,157,Fort Bend County,30,30 yrs,7648,3621,4027,2440,1196,1244,1513,696,817,2236,1076,1160,1294,585,709,165,68,97
2011,157,Fort Bend County,31,31 yrs,7983,3738,4245,2512,1212,1300,1698,751,947,2173,1072,1101,1454,640,814,146,63,83
2011,157,Fort Bend County,32,32 yrs,7786,3626,4160,2479,1204,1275,1582,671,911,2150,1064,1086,1414,621,793,161,66,95
2011,157,Fort Bend County,33,33 yrs,8032,3792,4240,2508,1222,1286,1609,702,907,2249,1121,1128,1502,676,826,164,71,93
2011,157,Fort Bend County,34,34 yrs,8259,3788,4471,2538,1231,1307,1715,751,964,2280,1069,1211,1588,688,900,138,49,89
2011,157,Fort Bend County,35,35 yrs,8428,3919,4509,2476,1209,1267,1722,731,991,2370,1142,1228,1701,759,942,159,78,81
2011,157,Fort Bend County,36,36 yrs,9094,4211,4883,2779,1326,1453,1854,799,1055,2460,1207,1253,1823,789,1034,178,90,88
2011,157,Fort Bend County,37,37 yrs,8989,4189,4800,2680,1338,1342,1984,845,1139,2261,1079,1182,1889,844,1045,175,83,92
2011,157,Fort Bend County,38,38 yrs,9532,4468,5064,2865,1393,1472,2103,909,1194,2397,1149,1248,2004,946,1058,163,71,92
2011,157,Fort Bend County,39,39 yrs,9943,4598,5345,3184,1530,1654,2175,938,1237,2416,1150,1266,2005,898,1107,163,82,81
2011,157,Fort Bend County,40,40 yrs,10399,4946,5453,3466,1709,1757,2302,1009,1293,2418,1185,1233,2044,951,1093,169,92,77
2011,157,Fort Bend County,41,41 yrs,10125,4736,5389,3509,1692,1817,2120,901,1219,2394,1165,1229,1941,898,1043,161,80,81
2011,157,Fort Bend County,42,42 yrs,9564,4525,5039,3270,1569,1701,2043,906,1137,2187,1083,1104,1899,888,1011,165,79,86
2011,157,Fort Bend County,43,43 yrs,9267,4447,4820,3249,1658,1591,2011,891,1120,2136,1026,1110,1741,822,919,130,50,80
2011,157,Fort Bend County,44,44 yrs,9264,4523,4741,3320,1669,1651,1954,879,1075,2040,1014,1026,1814,897,917,136,64,72
2011,157,Fort Bend County,45,45 yrs,9402,4583,4819,3275,1620,1655,1994,909,1085,2133,1055,1078,1859,933,926,141,66,75
2011,157,Fort Bend County,46,46 yrs,9399,4578,4821,3534,1777,1757,2003,882,1121,2039,1012,1027,1665,834,831,158,73,85
2011,157,Fort Bend County,47,47 yrs,9440,4424,5016,3517,1659,1858,2033,858,1175,1962,939,1023,1781,899,882,147,69,78
2011,157,Fort Bend County,48,48 yrs,9599,4682,4917,3760,1911,1849,2011,903,1108,1883,910,973,1794,883,911,151,75,76
2011,157,Fort Bend County,49,49 yrs,9197,4455,4742,3835,1883,1952,1912,862,1050,1769,880,889,1518,759,759,163,71,92
2011,157,Fort Bend County,50,50 yrs,9395,4449,4946,3927,1880,2047,2018,932,1086,1678,809,869,1620,765,855,152,63,89
2011,157,Fort Bend County,51,51 yrs,9723,4803,4920,4282,2164,2118,2031,961,1070,1667,850,817,1601,756,845,142,72,70
2011,157,Fort Bend County,52,52 yrs,9521,4600,4921,4406,2167,2239,1928,870,1058,1568,784,784,1487,713,774,132,66,66
2011,157,Fort Bend County,53,53 yrs,9417,4613,4804,4378,2245,2133,1940,863,1077,1512,728,784,1456,708,748,131,69,62
2011,157,Fort Bend County,54,54 yrs,9130,4501,4629,4317,2219,2098,1862,844,1018,1411,690,721,1407,687,720,133,61,72
2011,157,Fort Bend County,55,55 yrs,8830,4448,4382,3992,2071,1921,1831,862,969,1373,694,679,1480,740,740,154,81,73
2011,157,Fort Bend County,56,56 yrs,8422,4075,4347,3827,1903,1924,1856,855,1001,1245,584,661,1358,669,689,136,64,72
2011,157,Fort Bend County,57,57 yrs,7688,3765,3923,3541,1815,1726,1620,699,921,1150,534,616,1263,657,606,114,60,54
2011,157,Fort Bend County,58,58 yrs,7596,3708,3888,3477,1739,1738,1575,700,875,1080,529,551,1342,681,661,122,59,63
2011,157,Fort Bend County,59,59 yrs,7167,3453,3714,3382,1763,1619,1490,592,898,1042,516,526,1129,530,599,124,52,72
2011,157,Fort Bend County,60,60 yrs,6575,3218,3357,3026,1528,1498,1339,619,720,911,455,456,1199,570,629,100,46,54
2011,157,Fort Bend County,61,61 yrs,6472,3204,3268,2958,1508,1450,1322,612,710,928,460,468,1165,582,583,99,42,57
2011,157,Fort Bend County,62,62 yrs,5890,2891,2999,2718,1384,1334,1244,548,696,808,399,409,1017,503,514,103,57,46
2011,157,Fort Bend County,63,63 yrs,5736,2804,2932,2811,1431,1380,1092,503,589,798,357,441,941,462,479,94,51,43
2011,157,Fort Bend County,64,64 yrs,5487,2707,2780,2818,1441,1377,940,409,531,746,352,394,884,452,432,99,53,46
2011,157,Fort Bend County,65,65 yrs,4117,2027,2090,1898,957,941,715,338,377,657,304,353,789,395,394,58,33,25
2011,157,Fort Bend County,66,66 yrs,3952,1901,2051,1920,945,975,665,294,371,559,261,298,732,359,373,76,42,34
2011,157,Fort Bend County,67,67 yrs,3695,1787,1908,1868,955,913,625,252,373,508,219,289,644,333,311,50,28,22
2011,157,Fort Bend County,68,68 yrs,3365,1678,1687,1730,875,855,522,240,282,475,210,265,592,331,261,46,22,24
2011,157,Fort Bend County,69,69 yrs,2861,1415,1446,1443,718,725,434,194,240,404,204,200,525,274,251,55,25,30
2011,157,Fort Bend County,70,70 yrs,2697,1258,1439,1305,632,673,427,185,242,419,186,233,508,239,269,38,16,22
2011,157,Fort Bend County,71,71 yrs,2495,1219,1276,1227,601,626,357,160,197,387,176,211,479,257,222,45,25,20
2011,157,Fort Bend County,72,72 yrs,2257,1060,1197,1150,552,598,338,152,186,329,126,203,411,217,194,29,13,16
2011,157,Fort Bend County,73,73 yrs,2078,941,1137,1047,486,561,297,109,188,333,144,189,376,194,182,25,8,17
2011,157,Fort Bend County,74,74 yrs,1839,828,1011,922,451,471,257,94,163,293,109,184,349,166,183,18,8,10
2011,157,Fort Bend County,75,75 yrs,1809,779,1030,935,427,508,243,97,146,286,103,183,329,144,185,16,8,8
2011,157,Fort Bend County,76,76 yrs,1600,732,868,829,377,452,211,91,120,252,115,137,289,143,146,19,6,13
2011,157,Fort Bend County,77,77 yrs,1396,618,778,751,330,421,205,80,125,210,82,128,214,116,98,16,10,6
2011,157,Fort Bend County,78,78 yrs,1418,599,819,782,338,444,199,67,132,211,87,124,209,98,111,17,9,8
2011,157,Fort Bend County,79,79 yrs,1254,548,706,724,317,407,142,52,90,205,85,120,172,87,85,11,7,4
2011,157,Fort Bend County,80,80 yrs,1194,488,706,668,287,381,139,43,96,192,71,121,182,81,101,13,6,7
2011,157,Fort Bend County,81,81 yrs,1145,452,693,648,248,400,128,47,81,199,87,112,162,65,97,8,5,3
2011,157,Fort Bend County,82,82 yrs,1040,407,633,604,236,368,147,53,94,144,53,91,135,63,72,10,2,8
2011,157,Fort Bend County,83,83 yrs,936,380,556,539,233,306,123,34,89,127,50,77,128,53,75,19,10,9
2011,157,Fort Bend County,84,84 yrs,841,309,532,478,181,297,102,35,67,130,40,90,122,51,71,9,2,7
2011,157,Fort Bend County,85,85 yrs,741,269,472,470,177,293,83,20,63,100,39,61,83,29,54,5,4,1
2011,157,Fort Bend County,86,86 yrs,712,249,463,457,160,297,75,21,54,80,30,50,91,35,56,9,3,6
2011,157,Fort Bend County,87,87 yrs,581,211,370,357,145,212,73,16,57,86,29,57,60,21,39,5,0,5
2011,157,Fort Bend County,88,88 yrs,494,166,328,311,104,207,56,13,43,64,25,39,58,23,35,5,1,4
2011,157,Fort Bend County,89,89 yrs,436,142,294,289,99,190,48,13,35,51,14,37,44,14,30,4,2,2
2011,157,Fort Bend County,90,90 yrs,319,100,219,199,62,137,32,9,23,28,7,21,51,18,33,9,4,5
2011,157,Fort Bend County,91,91 yrs,259,96,163,158,63,95,40,8,32,29,12,17,29,13,16,3,0,3
2011,157,Fort Bend County,92,92 yrs,197,46,151,117,28,89,29,4,25,22,5,17,25,8,17,4,1,3
2011,157,Fort Bend County,93,93 yrs,165,40,125,114,30,84,17,3,14,18,2,16,13,3,10,3,2,1
2011,157,Fort Bend County,94,94 yrs,126,38,88,79,21,58,22,9,13,15,5,10,9,3,6,1,0,1
2011,157,Fort Bend County,95,95+ yrs,311,64,247,195,30,165,52,12,40,38,13,25,25,9,16,1,0,1
2012,157,Fort Bend County,-1,All Ages,629845,309220,320625,223548,111612,111936,130262,61150,69112,151041,75176,75865,110682,54269,56413,14312,7013,7299
2012,157,Fort Bend County,0,< 1 yr,8268,4211,4057,2120,1081,1039,1656,844,812,2829,1443,1386,1272,645,627,391,198,193
2012,157,Fort Bend County,1,1 yr,8278,4226,4052,2140,1091,1049,1627,828,799,2817,1436,1381,1314,677,637,380,194,186
2012,157,Fort Bend County,2,2 yrs,8811,4560,4251,2503,1359,1144,1625,815,810,2854,1438,1416,1463,760,703,366,188,178
2012,157,Fort Bend County,3,3 yrs,9249,4704,4545,2709,1401,1308,1821,907,914,2862,1428,1434,1492,766,726,365,202,163
2012,157,Fort Bend County,4,4 yrs,9376,4794,4582,2667,1369,1298,1863,942,921,2837,1461,1376,1667,851,816,342,171,171
2012,157,Fort Bend County,5,5 yrs,9782,4934,4848,2778,1416,1362,1970,973,997,2955,1481,1474,1715,884,831,364,180,184
2012,157,Fort Bend County,6,6 yrs,9914,5153,4761,2961,1577,1384,1974,1030,944,2910,1501,1409,1732,882,850,337,163,174
2012,157,Fort Bend County,7,7 yrs,10066,5105,4961,2975,1550,1425,2012,973,1039,3006,1542,1464,1710,856,854,363,184,179
2012,157,Fort Bend County,8,8 yrs,10441,5272,5169,3105,1538,1567,2157,1080,1077,2987,1537,1450,1801,915,886,391,202,189
2012,157,Fort Bend County,9,9 yrs,10499,5319,5180,3057,1498,1559,2211,1171,1040,3057,1538,1519,1831,950,881,343,162,181
2012,157,Fort Bend County,10,10 yrs,10445,5444,5001,3121,1622,1499,2192,1134,1058,3050,1553,1497,1728,939,789,354,196,158
2012,157,Fort Bend County,11,11 yrs,10808,5562,5246,3212,1650,1562,2385,1206,1179,3002,1529,1473,1829,982,847,380,195,185
2012,157,Fort Bend County,12,12 yrs,10829,5616,5213,3386,1809,1577,2422,1243,1179,2994,1535,1459,1662,842,820,365,187,178
2012,157,Fort Bend County,13,13 yrs,10666,5396,5270,3202,1648,1554,2443,1241,1202,3015,1510,1505,1644,821,823,362,176,186
2012,157,Fort Bend County,14,14 yrs,10719,5476,5243,3211,1649,1562,2533,1250,1283,2905,1504,1401,1718,905,813,352,168,184
2012,157,Fort Bend County,15,15 yrs,10609,5496,5113,3378,1760,1618,2485,1289,1196,2764,1421,1343,1682,875,807,300,151,149
2012,157,Fort Bend County,16,16 yrs,10695,5542,5153,3462,1803,1659,2539,1293,1246,2753,1417,1336,1644,878,766,297,151,146
2012,157,Fort Bend County,17,17 yrs,10477,5344,5133,3363,1731,1632,2484,1227,1257,2704,1411,1293,1629,824,805,297,151,146
2012,157,Fort Bend County,18,18 yrs,10004,5142,4862,3261,1682,1579,2352,1233,1119,2647,1344,1303,1474,753,721,270,130,140
2012,157,Fort Bend County,19,19 yrs,9232,4912,4320,2850,1529,1321,2335,1265,1070,2453,1275,1178,1329,709,620,265,134,131
2012,157,Fort Bend County,20,20 yrs,8317,4442,3875,2523,1357,1166,2135,1140,995,2302,1236,1066,1133,600,533,224,109,115
2012,157,Fort Bend County,21,21 yrs,7073,3731,3342,1733,917,816,1867,1016,851,2247,1192,1055,1056,523,533,170,83,87
2012,157,Fort Bend County,22,22 yrs,6852,3506,3346,1607,845,762,1719,886,833,2179,1124,1055,1196,562,634,151,89,62
2012,157,Fort Bend County,23,23 yrs,6712,3495,3217,1743,905,838,1597,828,769,2057,1083,974,1182,609,573,133,70,63
2012,157,Fort Bend County,24,24 yrs,6637,3323,3314,1882,941,941,1444,668,776,1969,1070,899,1211,580,631,131,64,67
2012,157,Fort Bend County,25,25 yrs,6876,3495,3381,2057,1019,1038,1443,725,718,2025,1061,964,1192,617,575,159,73,86
2012,157,Fort Bend County,26,26 yrs,7051,3551,3500,2118,1082,1036,1426,687,739,2084,1103,981,1292,617,675,131,62,69
2012,157,Fort Bend County,27,27 yrs,7495,3700,3795,2340,1153,1187,1449,691,758,2113,1052,1061,1478,745,733,115,59,56
2012,157,Fort Bend County,28,28 yrs,7168,3432,3736,2150,1052,1098,1388,646,742,2044,1012,1032,1442,660,782,144,62,82
2012,157,Fort Bend County,29,29 yrs,7728,3726,4002,2405,1185,1220,1447,693,754,2283,1122,1161,1461,668,793,132,58,74
2012,157,Fort Bend County,30,30 yrs,7740,3742,3998,2394,1164,1230,1453,674,779,2264,1158,1106,1482,685,797,147,61,86
2012,157,Fort Bend County,31,31 yrs,8079,3843,4236,2522,1237,1285,1552,710,842,2354,1134,1220,1477,690,787,174,72,102
2012,157,Fort Bend County,32,32 yrs,8371,3926,4445,2582,1248,1334,1738,770,968,2284,1127,1157,1615,714,901,152,67,85
2012,157,Fort Bend County,33,33 yrs,8169,3814,4355,2546,1238,1308,1622,688,934,2253,1113,1140,1579,707,872,169,68,101
2012,157,Fort Bend County,34,34 yrs,8404,3976,4428,2573,1253,1320,1644,718,926,2357,1176,1181,1659,754,905,171,75,96
2012,157,Fort Bend County,35,35 yrs,8635,3958,4677,2600,1260,1340,1748,761,987,2391,1121,1270,1753,766,987,143,50,93
2012,157,Fort Bend County,36,36 yrs,8720,4068,4652,2537,1239,1298,1758,747,1011,2450,1182,1268,1806,815,991,169,85,84
2012,157,Fort Bend County,37,37 yrs,9403,4363,5040,2846,1359,1487,1890,814,1076,2548,1252,1296,1935,846,1089,184,92,92
2012,157,Fort Bend County,38,38 yrs,9286,4337,4949,2743,1371,1372,2018,858,1160,2338,1117,1221,2005,904,1101,182,87,95
2012,157,Fort Bend County,39,39 yrs,9848,4631,5217,2933,1428,1505,2138,924,1214,2479,1191,1288,2128,1013,1115,170,75,95
2012,157,Fort Bend County,40,40 yrs,10283,4769,5514,3263,1569,1694,2220,958,1262,2501,1192,1309,2130,964,1166,169,86,83
2012,157,Fort Bend County,41,41 yrs,10631,5066,5565,3545,1749,1796,2340,1023,1317,2461,1210,1251,2110,989,1121,175,95,80
2012,157,Fort Bend County,42,42 yrs,10346,4848,5498,3589,1732,1857,2147,910,1237,2439,1190,1249,2003,932,1071,168,84,84
2012,157,Fort Bend County,43,43 yrs,9773,4633,5140,3343,1604,1739,2070,917,1153,2225,1104,1121,1961,924,1037,174,84,90
2012,157,Fort Bend County,44,44 yrs,9463,4546,4917,3318,1693,1625,2039,901,1138,2176,1048,1128,1795,852,943,135,52,83
2012,157,Fort Bend County,45,45 yrs,9490,4651,4839,3403,1716,1687,1988,896,1092,2081,1038,1043,1876,934,942,142,67,75
2012,157,Fort Bend County,46,46 yrs,9551,4648,4903,3337,1648,1689,2014,914,1100,2158,1067,1091,1895,950,945,147,69,78
2012,157,Fort Bend County,47,47 yrs,9569,4662,4907,3609,1816,1793,2034,896,1138,2064,1024,1040,1699,851,848,163,75,88
2012,157,Fort Bend County,48,48 yrs,9596,4495,5101,3585,1690,1895,2055,865,1190,1988,952,1036,1815,916,899,153,72,81
2012,157,Fort Bend County,49,49 yrs,9750,4750,5000,3831,1944,1887,2031,910,1121,1906,921,985,1826,898,928,156,77,79
2012,157,Fort Bend County,50,50 yrs,9353,4529,4824,3911,1920,1991,1932,868,1064,1793,893,900,1547,773,774,170,75,95
2012,157,Fort Bend County,51,51 yrs,9523,4501,5022,3997,1913,2084,2032,934,1098,1689,813,876,1649,776,873,156,65,91
2012,157,Fort Bend County,52,52 yrs,9849,4857,4992,4356,2200,2156,2045,964,1081,1675,852,823,1627,766,861,146,75,71
2012,157,Fort Bend County,53,53 yrs,9646,4651,4995,4480,2203,2277,1941,872,1069,1576,785,791,1513,722,791,136,69,67
2012,157,Fort Bend County,54,54 yrs,9535,4663,4872,4446,2276,2170,1953,866,1087,1519,730,789,1480,717,763,137,74,63
2012,157,Fort Bend County,55,55 yrs,9289,4564,4725,4411,2261,2150,1882,848,1034,1422,693,729,1435,698,737,139,64,75
2012,157,Fort Bend County,56,56 yrs,8949,4498,4451,4060,2103,1957,1837,860,977,1384,699,685,1509,752,757,159,84,75
2012,157,Fort Bend County,57,57 yrs,8527,4114,4413,3887,1929,1958,1862,853,1009,1256,588,668,1383,678,705,139,66,73
2012,157,Fort Bend County,58,58 yrs,7788,3806,3982,3598,1842,1756,1624,695,929,1161,539,622,1288,668,620,117,62,55
2012,157,Fort Bend County,59,59 yrs,7688,3740,3948,3527,1759,1768,1582,699,883,1088,532,556,1367,690,677,124,60,64
2012,157,Fort Bend County,60,60 yrs,7259,3490,3769,3435,1788,1647,1495,591,904,1050,519,531,1152,538,614,127,54,73
2012,157,Fort Bend County,61,61 yrs,6667,3250,3417,3070,1547,1523,1340,614,726,920,455,465,1233,586,647,104,48,56
2012,157,Fort Bend County,62,62 yrs,6553,3231,3322,2998,1525,1473,1320,606,714,935,458,477,1197,598,599,103,44,59
2012,157,Fort Bend County,63,63 yrs,5959,2915,3044,2753,1399,1354,1241,542,699,815,399,416,1045,517,528,105,58,47
2012,157,Fort Bend County,64,64 yrs,5797,2823,2974,2841,1441,1400,1088,498,590,804,356,448,967,475,492,97,53,44
2012,157,Fort Bend County,65,65 yrs,5536,2719,2817,2843,1448,1395,935,403,532,746,347,399,910,466,444,102,55,47
2012,157,Fort Bend County,66,66 yrs,4163,2043,2120,1920,966,954,715,336,379,663,305,358,806,403,403,59,33,26
2012,157,Fort Bend County,67,67 yrs,3989,1912,2077,1939,952,987,665,291,374,564,262,302,744,365,379,77,42,35
2012,157,Fort Bend County,68,68 yrs,3724,1795,1929,1884,961,923,623,249,374,512,219,293,653,337,316,52,29,23
2012,157,Fort Bend County,69,69 yrs,3388,1682,1706,1743,879,864,520,236,284,478,210,268,599,334,265,48,23,25
2012,157,Fort Bend County,70,70 yrs,2876,1416,1460,1451,719,732,431,191,240,406,204,202,531,276,255,57,26,31
2012,157,Fort Bend County,71,71 yrs,2709,1257,1452,1310,632,678,423,181,242,420,185,235,517,243,274,39,16,23
2012,157,Fort Bend County,72,72 yrs,2501,1215,1286,1230,600,630,353,156,197,388,175,213,484,259,225,46,25,21
2012,157,Fort Bend County,73,73 yrs,2258,1055,1203,1151,550,601,334,149,185,329,125,204,414,218,196,30,13,17
2012,157,Fort Bend County,74,74 yrs,2075,933,1142,1046,483,563,293,106,187,332,142,190,378,194,184,26,8,18
2012,157,Fort Bend County,75,75 yrs,1833,819,1014,919,447,472,254,91,163,291,107,184,351,166,185,18,8,10
2012,157,Fort Bend County,76,76 yrs,1810,776,1034,936,426,510,241,95,146,282,101,181,335,146,189,16,8,8
2012,157,Fort Bend County,77,77 yrs,1595,727,868,827,375,452,208,89,119,249,113,136,292,144,148,19,6,13
2012,157,Fort Bend County,78,78 yrs,1384,608,776,747,326,421,201,77,124,206,79,127,214,116,98,16,10,6
2012,157,Fort Bend County,79,79 yrs,1399,586,813,773,332,441,195,64,131,205,84,121,209,97,112,17,9,8
2012,157,Fort Bend County,80,80 yrs,1235,535,700,715,311,404,139,50,89,198,81,117,172,86,86,11,7,4
2012,157,Fort Bend County,81,81 yrs,1165,471,694,647,275,372,133,40,93,191,69,122,181,81,100,13,6,7
2012,157,Fort Bend County,82,82 yrs,1112,434,678,625,237,388,121,43,78,197,84,113,161,65,96,8,5,3
2012,157,Fort Bend County,83,83 yrs,1002,387,615,579,224,355,138,48,90,142,51,91,133,62,71,10,2,8
2012,157,Fort Bend County,84,84 yrs,894,357,537,512,218,294,115,30,85,124,48,76,125,52,73,18,9,9
2012,157,Fort Bend County,85,85 yrs,800,289,511,452,169,283,94,31,63,126,37,89,119,50,69,9,2,7
2012,157,Fort Bend County,86,86 yrs,693,248,445,439,163,276,76,18,58,95,36,59,78,27,51,5,4,1
2012,157,Fort Bend County,87,87 yrs,654,224,430,420,144,276,67,18,49,75,27,48,84,32,52,8,3,5
2012,157,Fort Bend County,88,88 yrs,530,189,341,325,130,195,66,14,52,80,26,54,54,19,35,5,0,5
2012,157,Fort Bend County,89,89 yrs,444,146,298,279,91,188,50,11,39,58,22,36,52,21,31,5,1,4
2012,157,Fort Bend County,90,90 yrs,388,124,264,255,85,170,42,11,31,47,13,34,40,13,27,4,2,2
2012,157,Fort Bend County,91,91 yrs,276,84,192,172,52,120,28,8,20,25,6,19,44,15,29,7,3,4
2012,157,Fort Bend County,92,92 yrs,221,79,142,132,51,81,34,6,28,27,11,16,25,11,14,3,0,3
2012,157,Fort Bend County,93,93 yrs,164,37,127,97,23,74,24,3,21,19,4,15,20,6,14,4,1,3
2012,157,Fort Bend County,94,94 yrs,134,31,103,91,23,68,14,2,12,16,2,14,11,3,8,2,1,1
2012,157,Fort Bend County,95,95+ yrs,327,75,252,201,37,164,56,15,41,42,14,28,26,9,17,2,0,2
2013,157,Fort Bend County,-1,All Ages,653147,320694,332453,229574,114684,114890,133849,62795,71054,157374,78275,79099,117166,57489,59677,15184,7451,7733
2013,157,Fort Bend County,0,< 1 yr,8567,4374,4193,2158,1101,1057,1717,877,840,2936,1497,1439,1343,688,655,413,211,202
2013,157,Fort Bend County,1,1 yr,8545,4353,4192,2166,1105,1061,1678,853,825,2920,1489,1431,1381,704,677,400,202,198
2013,157,Fort Bend County,2,2 yrs,8604,4395,4209,2197,1121,1076,1666,847,819,2920,1488,1432,1429,740,689,392,199,193
2013,157,Fort Bend County,3,3 yrs,9159,4743,4416,2568,1396,1172,1665,834,831,2960,1491,1469,1590,830,760,376,192,184
2013,157,Fort Bend County,4,4 yrs,9612,4891,4721,2779,1438,1341,1867,928,939,2968,1481,1487,1621,836,785,377,208,169
2013,157,Fort Bend County,5,5 yrs,9750,4989,4761,2735,1405,1330,1911,965,946,2942,1515,1427,1810,929,881,352,175,177
2013,157,Fort Bend County,6,6 yrs,10094,5094,5000,2850,1454,1396,2018,995,1023,3044,1528,1516,1808,932,876,374,185,189
2013,157,Fort Bend County,7,7 yrs,10231,5319,4912,3038,1619,1419,2023,1054,969,2998,1549,1449,1825,930,895,347,167,180
2013,157,Fort Bend County,8,8 yrs,10382,5266,5116,3051,1591,1460,2061,995,1066,3096,1591,1505,1801,901,900,373,188,185
2013,157,Fort Bend County,9,9 yrs,10771,5440,5331,3184,1578,1606,2210,1105,1105,3077,1586,1491,1897,964,933,403,207,196
2013,157,Fort Bend County,10,10 yrs,10831,5489,5342,3136,1538,1598,2264,1197,1067,3149,1587,1562,1929,1001,928,353,166,187
2013,157,Fort Bend County,11,11 yrs,10751,5606,5145,3234,1684,1550,2256,1167,1089,3114,1583,1531,1781,969,812,366,203,163
2013,157,Fort Bend County,12,12 yrs,11123,5726,5397,3329,1713,1616,2453,1240,1213,3065,1560,1505,1883,1012,871,393,201,192
2013,157,Fort Bend County,13,13 yrs,11143,5780,5363,3509,1878,1631,2490,1277,1213,3058,1566,1492,1710,867,843,376,192,184
2013,157,Fort Bend County,14,14 yrs,10975,5552,5423,3318,1710,1608,2512,1275,1237,3078,1539,1539,1692,846,846,375,182,193
2013,157,Fort Bend County,15,15 yrs,10997,5604,5393,3315,1700,1615,2597,1275,1322,2963,1531,1432,1762,927,835,360,171,189
2013,157,Fort Bend County,16,16 yrs,10901,5657,5244,3537,1851,1686,2550,1325,1225,2775,1427,1348,1733,899,834,306,155,151
2013,157,Fort Bend County,17,17 yrs,10863,5629,5234,3584,1870,1714,2566,1305,1261,2750,1416,1334,1667,887,780,296,151,145
2013,157,Fort Bend County,18,18 yrs,10090,5199,4891,3243,1703,1540,2392,1200,1192,2626,1375,1251,1533,772,761,296,149,147
2013,157,Fort Bend County,19,19 yrs,9420,4847,4573,3011,1547,1464,2269,1197,1072,2501,1275,1226,1369,699,670,270,129,141
2013,157,Fort Bend County,20,20 yrs,9557,5099,4458,2973,1610,1363,2435,1321,1114,2494,1294,1200,1377,735,642,278,139,139
2013,157,Fort Bend County,21,21 yrs,8587,4553,4034,2547,1363,1184,2212,1171,1041,2362,1257,1105,1232,647,585,234,115,119
2013,157,Fort Bend County,22,22 yrs,7409,3862,3547,1791,939,852,1944,1049,895,2314,1212,1102,1180,572,608,180,90,90
2013,157,Fort Bend County,23,23 yrs,7295,3707,3588,1726,901,825,1792,921,871,2250,1150,1100,1367,641,726,160,94,66
2013,157,Fort Bend County,24,24 yrs,7032,3651,3381,1818,945,873,1645,849,796,2133,1115,1018,1296,669,627,140,73,67
2013,157,Fort Bend County,25,25 yrs,6949,3455,3494,1953,975,978,1501,691,810,2026,1093,933,1330,627,703,139,69,70
2013,157,Fort Bend County,26,26 yrs,7276,3696,3580,2142,1059,1083,1486,746,740,2141,1115,1026,1339,699,640,168,77,91
2013,157,Fort Bend County,27,27 yrs,7428,3723,3705,2180,1118,1062,1467,705,762,2198,1157,1041,1444,677,767,139,66,73
2013,157,Fort Bend County,28,28 yrs,7937,3918,4019,2432,1203,1229,1483,709,774,2231,1105,1126,1670,838,832,121,63,58
2013,157,Fort Bend County,29,29 yrs,7544,3584,3960,2196,1070,1126,1424,661,763,2149,1056,1093,1623,731,892,152,66,86
2013,157,Fort Bend County,30,30 yrs,8087,3860,4227,2466,1210,1256,1474,701,773,2401,1172,1229,1607,716,891,139,61,78
2013,157,Fort Bend County,31,31 yrs,8194,3982,4212,2474,1203,1271,1492,688,804,2383,1220,1163,1689,805,884,156,66,90
2013,157,Fort Bend County,32,32 yrs,8478,4040,4438,2593,1274,1319,1590,729,861,2474,1192,1282,1640,769,871,181,76,105
2013,157,Fort Bend County,33,33 yrs,8792,4135,4657,2652,1283,1369,1781,788,993,2395,1180,1215,1805,814,991,159,70,89
2013,157,Fort Bend County,34,34 yrs,8551,4002,4549,2614,1270,1344,1656,702,954,2361,1168,1193,1743,789,954,177,73,104
2013,157,Fort Bend County,35,35 yrs,8795,4162,4633,2635,1282,1353,1676,727,949,2472,1234,1238,1834,841,993,178,78,100
2013,157,Fort Bend County,36,36 yrs,8928,4103,4825,2663,1291,1372,1784,777,1007,2472,1160,1312,1859,822,1037,150,53,97
2013,157,Fort Bend County,37,37 yrs,9021,4217,4804,2598,1269,1329,1792,761,1031,2536,1225,1311,1920,875,1045,175,87,88
2013,157,Fort Bend County,38,38 yrs,9717,4518,5199,2914,1393,1521,1922,826,1096,2633,1295,1338,2055,907,1148,193,97,96
2013,157,Fort Bend County,39,39 yrs,9597,4496,5101,2807,1404,1403,2050,872,1178,2418,1158,1260,2131,970,1161,191,92,99
2013,157,Fort Bend County,40,40 yrs,10195,4809,5386,3006,1464,1542,2182,943,1239,2567,1235,1332,2261,1087,1174,179,80,99
2013,157,Fort Bend County,41,41 yrs,10511,4884,5627,3337,1605,1732,2256,971,1285,2544,1216,1328,2198,1002,1196,176,90,86
2013,157,Fort Bend County,42,42 yrs,10861,5184,5677,3626,1790,1836,2369,1033,1336,2505,1235,1270,2178,1027,1151,183,99,84
2013,157,Fort Bend County,43,43 yrs,10568,4963,5605,3668,1770,1898,2175,921,1254,2481,1214,1267,2068,969,1099,176,89,87
2013,157,Fort Bend County,44,44 yrs,9980,4738,5242,3414,1638,1776,2098,927,1171,2268,1129,1139,2021,957,1064,179,87,92
2013,157,Fort Bend County,45,45 yrs,9690,4674,5016,3401,1741,1660,2075,919,1156,2219,1073,1146,1856,887,969,139,54,85
2013,157,Fort Bend County,46,46 yrs,9639,4717,4922,3466,1745,1721,2008,901,1107,2106,1051,1055,1911,950,961,148,70,78
2013,157,Fort Bend County,47,47 yrs,9720,4732,4988,3407,1684,1723,2044,928,1116,2186,1081,1105,1932,968,964,151,71,80
2013,157,Fort Bend County,48,48 yrs,9723,4735,4988,3677,1849,1828,2055,903,1152,2090,1038,1052,1732,867,865,169,78,91
2013,157,Fort Bend County,49,49 yrs,9748,4562,5186,3654,1720,1934,2076,872,1204,2012,964,1048,1848,932,916,158,74,84
2013,157,Fort Bend County,50,50 yrs,9916,4833,5083,3907,1983,1924,2053,918,1135,1930,934,996,1862,916,946,164,82,82
2013,157,Fort Bend County,51,51 yrs,9478,4583,4895,3981,1954,2027,1945,870,1075,1804,897,907,1573,784,789,175,78,97
2013,157,Fort Bend County,52,52 yrs,9648,4551,5097,4066,1945,2121,2047,938,1109,1696,814,882,1677,786,891,162,68,94
2013,157,Fort Bend County,53,53 yrs,9976,4909,5067,4428,2236,2192,2058,966,1092,1683,853,830,1656,777,879,151,77,74
2013,157,Fort Bend County,54,54 yrs,9768,4701,5067,4550,2234,2316,1954,875,1079,1583,787,796,1539,732,807,142,73,69
2013,157,Fort Bend County,55,55 yrs,9701,4728,4973,4543,2319,2224,1974,870,1104,1530,733,797,1510,729,781,144,77,67
2013,157,Fort Bend County,56,56 yrs,9416,4616,4800,4485,2296,2189,1890,847,1043,1435,698,737,1462,708,754,144,67,77
2013,157,Fort Bend County,57,57 yrs,9066,4544,4522,4123,2131,1992,1845,859,986,1396,704,692,1539,763,776,163,87,76
2013,157,Fort Bend County,58,58 yrs,8636,4157,4479,3949,1958,1991,1865,848,1017,1267,593,674,1411,689,722,144,69,75
2013,157,Fort Bend County,59,59 yrs,7880,3838,4042,3649,1863,1786,1630,694,936,1169,541,628,1312,677,635,120,63,57
2013,157,Fort Bend County,60,60 yrs,7784,3778,4006,3581,1784,1797,1586,697,889,1097,536,561,1392,699,693,128,62,66
2013,157,Fort Bend County,61,61 yrs,7356,3524,3832,3484,1810,1674,1497,586,911,1060,519,541,1184,553,631,131,56,75
2013,157,Fort Bend County,62,62 yrs,6751,3278,3473,3111,1564,1547,1338,608,730,927,453,474,1268,603,665,107,50,57
2013,157,Fort Bend County,63,63 yrs,6634,3257,3377,3037,1541,1496,1317,599,718,944,458,486,1230,614,616,106,45,61
2013,157,Fort Bend County,64,64 yrs,6022,2934,3088,2783,1409,1374,1238,537,701,821,398,423,1072,530,542,108,60,48
2013,157,Fort Bend County,65,65 yrs,5851,2835,3016,2868,1449,1419,1082,490,592,806,352,454,995,489,506,100,55,45
2013,157,Fort Bend County,66,66 yrs,5596,2740,2856,2876,1462,1414,935,399,536,752,348,404,928,475,453,105,56,49
2013,157,Fort Bend County,67,67 yrs,4203,2056,2147,1940,974,966,714,333,381,669,306,363,819,409,410,61,34,27
2013,157,Fort Bend County,68,68 yrs,4019,1919,2100,1955,957,998,665,289,376,567,261,306,753,369,384,79,43,36
2013,157,Fort Bend County,69,69 yrs,3747,1799,1948,1899,966,933,621,246,375,514,218,296,660,340,320,53,29,24
2013,157,Fort Bend County,70,70 yrs,3405,1683,1722,1753,881,872,517,233,284,481,210,271,605,336,269,49,23,26
2013,157,Fort Bend County,71,71 yrs,2888,1415,1473,1457,719,738,428,188,240,406,202,204,539,280,259,58,26,32
2013,157,Fort Bend County,72,72 yrs,2718,1254,1464,1314,631,683,420,178,242,421,184,237,523,245,278,40,16,24
2013,157,Fort Bend County,73,73 yrs,2502,1209,1293,1231,598,633,349,152,197,387,173,214,487,260,227,48,26,22
2013,157,Fort Bend County,74,74 yrs,2250,1043,1207,1148,546,602,328,144,184,329,124,205,415,217,198,30,12,18
2013,157,Fort Bend County,75,75 yrs,2066,923,1143,1042,479,563,287,102,185,329,139,190,381,195,186,27,8,19
2013,157,Fort Bend County,76,76 yrs,1830,814,1016,920,446,474,250,88,162,287,105,182,355,167,188,18,8,10
2013,157,Fort Bend County,77,77 yrs,1801,767,1034,934,423,511,236,91,145,278,99,179,337,146,191,16,8,8
2013,157,Fort Bend County,78,78 yrs,1581,717,864,823,371,452,204,86,118,243,110,133,292,144,148,19,6,13
2013,157,Fort Bend County,79,79 yrs,1367,596,771,740,321,419,196,74,122,201,77,124,215,115,100,15,9,6
2013,157,Fort Bend County,80,80 yrs,1377,571,806,763,326,437,190,61,129,200,81,119,208,95,113,16,8,8
2013,157,Fort Bend County,81,81 yrs,1206,518,688,693,298,395,131,46,85,199,80,119,172,87,85,11,7,4
2013,157,Fort Bend County,82,82 yrs,1130,451,679,623,262,361,127,37,90,189,67,122,179,80,99,12,5,7
2013,157,Fort Bend County,83,83 yrs,1074,414,660,599,224,375,115,40,75,194,82,112,159,64,95,7,4,3
2013,157,Fort Bend County,84,84 yrs,959,365,594,551,210,341,129,43,86,138,48,90,132,62,70,9,2,7
2013,157,Fort Bend County,85,85 yrs,848,335,513,482,203,279,107,27,80,120,45,75,122,51,71,17,9,8
2013,157,Fort Bend County,86,86 yrs,746,267,479,422,156,266,86,28,58,121,35,86,110,46,64,7,2,5
2013,157,Fort Bend County,87,87 yrs,639,224,415,404,147,257,67,15,52,91,34,57,73,25,48,4,3,1
2013,157,Fort Bend County,88,88 yrs,596,200,396,382,128,254,60,16,44,71,25,46,77,29,48,6,2,4
2013,157,Fort Bend County,89,89 yrs,476,166,310,290,114,176,58,11,47,76,24,52,49,17,32,3,0,3
2013,157,Fort Bend County,90,90 yrs,394,127,267,247,79,168,43,9,34,54,20,34,46,18,28,4,1,3
2013,157,Fort Bend County,91,91 yrs,334,103,231,220,72,148,34,8,26,42,11,31,35,11,24,3,1,2
2013,157,Fort Bend County,92,92 yrs,233,69,164,146,43,103,23,6,17,21,5,16,39,13,26,4,2,2
2013,157,Fort Bend County,93,93 yrs,181,63,118,109,41,68,29,6,23,22,8,14,19,8,11,2,0,2
2013,157,Fort Bend County,94,94 yrs,133,29,104,79,18,61,19,2,17,15,3,12,17,5,12,3,1,2
2013,157,Fort Bend County,95,95+ yrs,347,77,270,215,43,172,53,12,41,48,13,35,28,8,20,3,1,2
2014,157,Fort Bend County,-1,All Ages,677179,332491,344688,235662,117773,117889,137505,64468,73037,163909,81468,82441,124002,60877,63125,16101,7905,8196
2014,157,Fort Bend County,0,< 1 yr,8892,4527,4365,2205,1124,1081,1784,909,875,3043,1552,1491,1423,721,702,437,221,216
2014,157,Fort Bend County,1,1 yr,8853,4522,4331,2204,1125,1079,1739,886,853,3030,1545,1485,1458,751,707,422,215,207
2014,157,Fort Bend County,2,2 yrs,8882,4527,4355,2224,1135,1089,1718,872,846,3027,1543,1484,1502,770,732,411,207,204
2014,157,Fort Bend County,3,3 yrs,8946,4573,4373,2254,1151,1103,1706,866,840,3028,1543,1485,1555,809,746,403,204,199
2014,157,Fort Bend County,4,4 yrs,9528,4938,4590,2636,1434,1202,1709,855,854,3069,1546,1523,1726,905,821,388,198,190
2014,157,Fort Bend County,5,5 yrs,9992,5089,4903,2851,1477,1374,1914,950,964,3078,1536,1542,1760,912,848,389,214,175
2014,157,Fort Bend County,6,6 yrs,10060,5150,4910,2805,1442,1363,1957,987,970,3030,1563,1467,1906,978,928,362,180,182
2014,157,Fort Bend County,7,7 yrs,10416,5257,5159,2923,1492,1431,2069,1019,1050,3135,1576,1559,1904,981,923,385,189,196
2014,157,Fort Bend County,8,8 yrs,10556,5489,5067,3116,1662,1454,2072,1078,994,3088,1598,1490,1923,979,944,357,172,185
2014,157,Fort Bend County,9,9 yrs,10709,5433,5276,3129,1633,1496,2112,1018,1094,3189,1641,1548,1897,949,948,382,192,190
2014,157,Fort Bend County,10,10 yrs,11111,5613,5498,3265,1620,1645,2264,1130,1134,3169,1636,1533,1999,1015,984,414,212,202
2014,157,Fort Bend County,11,11 yrs,11145,5650,5495,3250,1597,1653,2330,1232,1098,3214,1618,1596,1987,1032,955,364,171,193
2014,157,Fort Bend County,12,12 yrs,11061,5770,5291,3352,1748,1604,2320,1200,1120,3178,1614,1564,1833,999,834,378,209,169
2014,157,Fort Bend County,13,13 yrs,11443,5891,5552,3448,1777,1671,2522,1274,1248,3129,1590,1539,1938,1042,896,406,208,198
2014,157,Fort Bend County,14,14 yrs,11462,5949,5513,3634,1949,1685,2560,1312,1248,3120,1596,1524,1759,893,866,389,199,190
2014,157,Fort Bend County,15,15 yrs,11253,5678,5575,3423,1761,1662,2573,1300,1273,3139,1566,1573,1735,867,868,383,184,199
2014,157,Fort Bend County,16,16 yrs,11290,5760,5530,3469,1787,1682,2664,1310,1354,2973,1536,1437,1814,951,863,370,176,194
2014,157,Fort Bend County,17,17 yrs,11066,5743,5323,3658,1919,1739,2576,1338,1238,2771,1425,1346,1756,907,849,305,154,151
2014,157,Fort Bend County,18,18 yrs,10456,5472,4984,3452,1837,1615,2464,1272,1192,2671,1380,1291,1574,835,739,295,148,147
2014,157,Fort Bend County,19,19 yrs,9486,4890,4596,2985,1561,1424,2304,1162,1142,2479,1303,1176,1422,716,706,296,148,148
2014,157,Fort Bend County,20,20 yrs,9744,5026,4718,3138,1628,1510,2365,1250,1115,2542,1293,1249,1416,722,694,283,133,150
2014,157,Fort Bend County,21,21 yrs,9864,5226,4638,3003,1619,1384,2518,1355,1163,2558,1315,1243,1494,791,703,291,146,145
2014,157,Fort Bend County,22,22 yrs,8965,4704,4261,2622,1392,1230,2299,1206,1093,2430,1277,1153,1365,704,661,249,125,124
2014,157,Fort Bend County,23,23 yrs,7875,4076,3799,1922,1000,922,2022,1087,935,2388,1240,1148,1352,654,698,191,95,96
2014,157,Fort Bend County,24,24 yrs,7635,3863,3772,1795,937,858,1844,943,901,2332,1183,1149,1496,702,794,168,98,70
2014,157,Fort Bend County,25,25 yrs,7358,3795,3563,1889,980,909,1708,878,830,2195,1139,1056,1418,720,698,148,78,70
2014,157,Fort Bend County,26,26 yrs,7360,3654,3706,2036,1014,1022,1545,710,835,2140,1147,993,1491,710,781,148,73,75
2014,157,Fort Bend County,27,27 yrs,7657,3874,3783,2204,1094,1110,1529,765,764,2257,1168,1089,1491,765,726,176,82,94
2014,157,Fort Bend County,28,28 yrs,7862,3935,3927,2267,1168,1099,1502,724,778,2318,1214,1104,1629,759,870,146,70,76
2014,157,Fort Bend County,29,29 yrs,8352,4096,4256,2483,1223,1260,1522,726,796,2346,1153,1193,1874,927,947,127,67,60
2014,157,Fort Bend County,30,30 yrs,7901,3712,4189,2248,1090,1158,1450,669,781,2259,1101,1158,1785,783,1002,159,69,90
2014,157,Fort Bend County,31,31 yrs,8560,4103,4457,2547,1250,1297,1512,715,797,2528,1235,1293,1826,838,988,147,65,82
2014,157,Fort Bend County,32,32 yrs,8610,4192,4418,2544,1239,1305,1527,705,822,2503,1282,1221,1874,897,977,162,69,93
2014,157,Fort Bend County,33,33 yrs,8907,4256,4651,2663,1309,1354,1629,746,883,2593,1248,1345,1832,874,958,190,79,111
2014,157,Fort Bend County,34,34 yrs,9208,4340,4868,2720,1315,1405,1820,805,1015,2509,1238,1271,1993,908,1085,166,74,92
2014,157,Fort Bend County,35,35 yrs,8945,4186,4759,2675,1299,1376,1686,710,976,2475,1224,1251,1927,879,1048,182,74,108
2014,157,Fort Bend County,36,36 yrs,9098,4321,4777,2698,1314,1384,1710,742,968,2554,1277,1277,1948,904,1044,188,84,104
2014,157,Fort Bend County,37,37 yrs,9237,4255,4982,2727,1323,1404,1819,792,1027,2559,1203,1356,1975,882,1093,157,55,102
2014,157,Fort Bend County,38,38 yrs,9328,4372,4956,2661,1302,1359,1822,772,1050,2622,1268,1354,2040,938,1102,183,92,91
2014,157,Fort Bend County,39,39 yrs,10042,4683,5359,2982,1427,1555,1953,839,1114,2723,1343,1380,2183,972,1211,201,102,99
2014,157,Fort Bend County,40,40 yrs,9934,4666,5268,2878,1440,1438,2092,890,1202,2503,1200,1303,2263,1040,1223,198,96,102
2014,157,Fort Bend County,41,41 yrs,10427,4929,5498,3076,1498,1578,2217,956,1261,2612,1261,1351,2336,1131,1205,186,83,103
2014,157,Fort Bend County,42,42 yrs,10738,4999,5739,3414,1643,1771,2284,981,1303,2590,1242,1348,2268,1040,1228,182,93,89
2014,157,Fort Bend County,43,43 yrs,11095,5308,5787,3705,1829,1876,2400,1046,1354,2549,1260,1289,2249,1068,1181,192,105,87
2014,157,Fort Bend County,44,44 yrs,10789,5073,5716,3745,1807,1938,2203,930,1273,2527,1240,1287,2132,1004,1128,182,92,90
2014,157,Fort Bend County,45,45 yrs,10217,4869,5348,3497,1683,1814,2133,944,1189,2312,1155,1157,2089,996,1093,186,91,95
2014,157,Fort Bend County,46,46 yrs,9836,4737,5099,3464,1771,1693,2095,924,1171,2244,1085,1159,1889,902,987,144,55,89
2014,157,Fort Bend County,47,47 yrs,9810,4803,5007,3539,1783,1756,2038,915,1123,2132,1064,1068,1949,969,980,152,72,80
2014,157,Fort Bend County,48,48 yrs,9877,4806,5071,3473,1716,1757,2065,935,1130,2213,1095,1118,1969,986,983,157,74,83
2014,157,Fort Bend County,49,49 yrs,9877,4805,5072,3747,1882,1865,2076,910,1166,2115,1050,1065,1764,882,882,175,81,94
2014,157,Fort Bend County,50,50 yrs,9906,4636,5270,3724,1752,1972,2096,878,1218,2038,978,1060,1883,950,933,165,78,87
2014,157,Fort Bend County,51,51 yrs,10049,4890,5159,3975,2017,1958,2067,919,1148,1943,939,1004,1894,929,965,170,86,84
2014,157,Fort Bend County,52,52 yrs,9597,4631,4966,4049,1986,2063,1959,873,1086,1812,899,913,1598,793,805,179,80,99
2014,157,Fort Bend County,53,53 yrs,9771,4599,5172,4135,1978,2157,2060,939,1121,1704,815,889,1706,797,909,166,70,96
2014,157,Fort Bend County,54,54 yrs,10099,4959,5140,4496,2267,2229,2072,969,1103,1691,855,836,1683,787,896,157,81,76
2014,157,Fort Bend County,55,55 yrs,9936,4766,5170,4649,2276,2373,1974,879,1095,1595,791,804,1569,743,826,149,77,72
2014,157,Fort Bend County,56,56 yrs,9833,4782,5051,4619,2355,2264,1983,869,1114,1544,738,806,1539,740,799,148,80,68
2014,157,Fort Bend County,57,57 yrs,9541,4666,4875,4556,2328,2228,1897,846,1051,1447,703,744,1491,719,772,150,70,80
2014,157,Fort Bend County,58,58 yrs,9184,4592,4592,4190,2163,2027,1848,854,994,1409,710,699,1569,775,794,168,90,78
2014,157,Fort Bend County,59,59 yrs,8737,4192,4545,4007,1981,2026,1871,846,1025,1277,597,680,1435,697,738,147,71,76
2014,157,Fort Bend County,60,60 yrs,7980,3877,4103,3706,1889,1817,1635,692,943,1179,545,634,1336,686,650,124,65,59
2014,157,Fort Bend County,61,61 yrs,7892,3817,4075,3634,1806,1828,1587,692,895,1108,536,572,1432,720,712,131,63,68
2014,157,Fort Bend County,62,62 yrs,7451,3556,3895,3533,1831,1702,1496,580,916,1069,518,551,1219,570,649,134,57,77
2014,157,Fort Bend County,63,63 yrs,6834,3305,3529,3152,1581,1571,1335,601,734,936,453,483,1301,619,682,110,51,59
2014,157,Fort Bend County,64,64 yrs,6708,3281,3427,3071,1553,1518,1313,593,720,951,457,494,1264,631,633,109,47,62
2014,157,Fort Bend County,65,65 yrs,6077,2947,3130,2810,1417,1393,1232,529,703,823,394,429,1102,546,556,110,61,49
2014,157,Fort Bend County,66,66 yrs,5914,2858,3056,2901,1463,1438,1082,486,596,814,354,460,1014,499,515,103,56,47
2014,157,Fort Bend County,67,67 yrs,5650,2758,2892,2906,1474,1432,934,395,539,758,349,409,943,482,461,109,58,51
2014,157,Fort Bend County,68,68 yrs,4237,2065,2172,1958,981,977,713,330,383,673,305,368,830,414,416,63,35,28
2014,157,Fort Bend County,69,69 yrs,4046,1923,2123,1971,962,1009,662,285,377,571,261,310,762,372,390,80,43,37
2014,157,Fort Bend County,70,70 yrs,3766,1800,1966,1910,968,942,617,242,375,517,218,299,667,342,325,55,30,25
2014,157,Fort Bend County,71,71 yrs,3419,1684,1735,1761,882,879,512,228,284,480,208,272,615,342,273,51,24,27
2014,157,Fort Bend County,72,72 yrs,2895,1413,1482,1460,718,742,424,184,240,406,201,205,546,283,263,59,27,32
2014,157,Fort Bend County,73,73 yrs,2715,1245,1470,1315,629,686,415,174,241,418,181,237,527,246,281,40,15,25
2014,157,Fort Bend County,74,74 yrs,2499,1199,1300,1229,594,635,344,148,196,386,171,215,491,260,231,49,26,23
2014,157,Fort Bend County,75,75 yrs,2240,1031,1209,1143,541,602,323,140,183,326,121,205,417,217,200,31,12,19
2014,157,Fort Bend County,76,76 yrs,2067,920,1147,1044,478,566,285,100,185,325,137,188,386,197,189,27,8,19
2014,157,Fort Bend County,77,77 yrs,1824,807,1017,918,443,475,247,86,161,282,102,180,359,168,191,18,8,10
2014,157,Fort Bend County,78,78 yrs,1787,754,1033,929,418,511,232,88,144,273,96,177,338,145,193,15,7,8
2014,157,Fort Bend County,79,79 yrs,1564,704,860,815,366,449,201,84,117,238,107,131,292,142,150,18,5,13
2014,157,Fort Bend County,80,80 yrs,1345,583,762,729,314,415,191,71,120,196,75,121,214,114,100,15,9,6
2014,157,Fort Bend County,81,81 yrs,1344,554,790,740,313,427,182,58,124,199,79,120,207,96,111,16,8,8
2014,157,Fort Bend County,82,82 yrs,1169,496,673,668,284,384,125,43,82,196,77,119,170,86,84,10,6,4
2014,157,Fort Bend County,83,83 yrs,1088,430,658,596,248,348,118,33,85,186,65,121,176,79,97,12,5,7
2014,157,Fort Bend County,84,84 yrs,1027,391,636,569,210,359,107,36,71,189,78,111,155,63,92,7,4,3
2014,157,Fort Bend County,85,85 yrs,912,342,570,519,195,324,121,39,82,135,46,89,128,60,68,9,2,7
2014,157,Fort Bend County,86,86 yrs,791,308,483,448,186,262,98,24,74,116,43,73,115,48,67,14,7,7
2014,157,Fort Bend County,87,87 yrs,692,243,449,389,141,248,77,25,52,116,32,84,103,43,60,7,2,5
2014,157,Fort Bend County,88,88 yrs,583,201,382,368,132,236,60,13,47,85,31,54,67,23,44,3,2,1
2014,157,Fort Bend County,89,89 yrs,538,178,360,343,113,230,54,14,40,67,23,44,69,26,43,5,2,3
2014,157,Fort Bend County,90,90 yrs,424,145,279,257,99,158,50,9,41,70,22,48,44,15,29,3,0,3
2014,157,Fort Bend County,91,91 yrs,343,108,235,213,66,147,37,7,30,49,18,31,41,16,25,3,1,2
2014,157,Fort Bend County,92,92 yrs,286,86,200,187,59,128,29,7,22,38,10,28,30,9,21,2,1,1
2014,157,Fort Bend County,93,93 yrs,194,56,138,121,35,86,19,5,14,18,4,14,33,11,22,3,1,2
2014,157,Fort Bend County,94,94 yrs,147,50,97,88,32,56,23,4,19,18,7,11,16,7,9,2,0,2
2014,157,Fort Bend County,95,95+ yrs,363,78,285,216,43,173,56,11,45,50,12,38,38,11,27,3,1,2
2015,157,Fort Bend County,-1,All Ages,702044,344711,357333,241835,120902,120933,141227,66164,75063,170660,84768,85892,131242,64475,66767,17080,8402,8678
2015,157,Fort Bend County,0,< 1 yr,9238,4716,4522,2254,1149,1105,1855,947,908,3155,1609,1546,1511,774,737,463,237,226
2015,157,Fort Bend County,1,1 yr,9195,4682,4513,2253,1149,1104,1809,919,890,3142,1602,1540,1545,787,758,446,225,221
2015,157,Fort Bend County,2,2 yrs,9210,4706,4504,2263,1156,1107,1782,906,876,3142,1602,1540,1587,821,766,436,221,215
2015,157,Fort Bend County,3,3 yrs,9238,4712,4526,2282,1165,1117,1761,893,868,3139,1601,1538,1633,841,792,423,212,211
2015,157,Fort Bend County,4,4 yrs,9309,4764,4545,2314,1183,1131,1749,887,862,3139,1600,1539,1691,884,807,416,210,206
2015,157,Fort Bend County,5,5 yrs,9912,5141,4771,2703,1472,1231,1752,875,877,3182,1603,1579,1875,987,888,400,204,196
2015,157,Fort Bend County,6,6 yrs,10308,5251,5057,2924,1516,1408,1961,972,989,3170,1584,1586,1854,960,894,399,219,180
2015,157,Fort Bend County,7,7 yrs,10381,5316,5065,2877,1480,1397,2004,1009,995,3121,1613,1508,2007,1030,977,372,184,188
2015,157,Fort Bend County,8,8 yrs,10744,5424,5320,2997,1531,1466,2119,1042,1077,3228,1626,1602,2005,1032,973,395,193,202
2015,157,Fort Bend County,9,9 yrs,10890,5664,5226,3196,1706,1490,2122,1102,1020,3181,1649,1532,2025,1031,994,366,176,190
2015,157,Fort Bend County,10,10 yrs,11045,5604,5441,3208,1676,1532,2162,1040,1122,3284,1692,1592,1997,999,998,394,197,197
2015,157,Fort Bend County,11,11 yrs,11431,5776,5655,3384,1682,1702,2328,1161,1167,3234,1668,1566,2057,1046,1011,428,219,209
2015,157,Fort Bend County,12,12 yrs,11467,5814,5653,3368,1658,1710,2396,1266,1130,3281,1650,1631,2046,1064,982,376,176,200
2015,157,Fort Bend County,13,13 yrs,11378,5937,5441,3472,1814,1658,2384,1232,1152,3244,1645,1599,1888,1030,858,390,216,174
2015,157,Fort Bend County,14,14 yrs,11768,6060,5708,3570,1844,1726,2591,1308,1283,3193,1621,1572,1995,1073,922,419,214,205
2015,157,Fort Bend County,15,15 yrs,11751,6084,5667,3747,2006,1741,2620,1336,1284,3182,1624,1558,1803,915,888,399,203,196
2015,157,Fort Bend County,16,16 yrs,11547,5835,5712,3582,1850,1732,2638,1335,1303,3150,1571,1579,1785,890,895,392,189,203
2015,157,Fort Bend County,17,17 yrs,11452,5839,5613,3587,1851,1736,2690,1321,1369,2969,1534,1435,1839,959,880,367,174,193
2015,157,Fort Bend County,18,18 yrs,10646,5576,5070,3518,1881,1637,2473,1302,1171,2690,1388,1302,1660,853,807,305,152,153
2015,157,Fort Bend County,19,19 yrs,9828,5147,4681,3175,1683,1492,2369,1231,1138,2523,1308,1215,1465,777,688,296,148,148
2015,157,Fort Bend County,20,20 yrs,9805,5067,4738,3107,1640,1467,2400,1213,1187,2519,1322,1197,1468,738,730,311,154,157
2015,157,Fort Bend County,21,21 yrs,10058,5152,4906,3171,1638,1533,2448,1282,1166,2608,1314,1294,1535,777,758,296,141,155
2015,157,Fort Bend County,22,22 yrs,10289,5401,4888,3088,1653,1435,2615,1397,1218,2632,1336,1296,1647,858,789,307,157,150
2015,157,Fort Bend County,23,23 yrs,9486,4948,4538,2788,1470,1318,2386,1247,1139,2504,1305,1199,1544,794,750,264,132,132
2015,157,Fort Bend County,24,24 yrs,8241,4250,3991,2003,1043,960,2081,1114,967,2475,1276,1199,1481,718,763,201,99,102
2015,157,Fort Bend County,25,25 yrs,7988,4010,3978,1861,969,892,1912,974,938,2400,1208,1192,1637,755,882,178,104,74
2015,157,Fort Bend County,26,26 yrs,7788,4010,3778,1967,1018,949,1758,903,855,2320,1196,1124,1587,811,776,156,82,74
2015,157,Fort Bend County,27,27 yrs,7761,3835,3926,2096,1049,1047,1589,728,861,2255,1202,1053,1666,779,887,155,77,78
2015,157,Fort Bend County,28,28 yrs,8100,4096,4004,2290,1142,1148,1564,785,779,2380,1225,1155,1680,857,823,186,87,99
2015,157,Fort Bend County,29,29 yrs,8272,4106,4166,2315,1188,1127,1540,740,800,2435,1266,1169,1828,838,990,154,74,80
2015,157,Fort Bend County,30,30 yrs,8751,4250,4501,2545,1249,1296,1550,735,815,2467,1203,1264,2056,993,1063,133,70,63
2015,157,Fort Bend County,31,31 yrs,8383,3959,4424,2323,1127,1196,1489,683,806,2378,1160,1218,2026,916,1110,167,73,94
2015,157,Fort Bend County,32,32 yrs,9000,4320,4680,2618,1287,1331,1548,734,814,2654,1296,1358,2027,934,1093,153,69,84
2015,157,Fort Bend County,33,33 yrs,9061,4427,4634,2612,1273,1339,1564,721,843,2623,1342,1281,2092,1019,1073,170,72,98
2015,157,Fort Bend County,34,34 yrs,9333,4471,4862,2732,1342,1390,1663,761,902,2715,1308,1407,2024,975,1049,199,85,114
2015,157,Fort Bend County,35,35 yrs,9640,4544,5096,2784,1345,1439,1852,814,1038,2630,1298,1332,2203,1012,1191,171,75,96
2015,157,Fort Bend County,36,36 yrs,9259,4349,4910,2741,1332,1409,1720,725,995,2558,1267,1291,2048,945,1103,192,80,112
2015,157,Fort Bend County,37,37 yrs,9417,4484,4933,2764,1347,1417,1742,756,986,2645,1324,1321,2070,970,1100,196,87,109
2015,157,Fort Bend County,38,38 yrs,9547,4407,5140,2793,1357,1436,1850,804,1046,2644,1244,1400,2096,944,1152,164,58,106
2015,157,Fort Bend County,39,39 yrs,9641,4534,5107,2724,1334,1390,1851,784,1067,2710,1314,1396,2167,1006,1161,189,96,93
2015,157,Fort Bend County,40,40 yrs,10395,4863,5532,3056,1463,1593,1993,857,1136,2819,1392,1427,2317,1043,1274,210,108,102
2015,157,Fort Bend County,41,41 yrs,10159,4783,5376,2943,1473,1470,2125,902,1223,2547,1225,1322,2337,1082,1255,207,101,106
2015,157,Fort Bend County,42,42 yrs,10653,5046,5607,3146,1534,1612,2245,965,1280,2659,1287,1372,2409,1173,1236,194,87,107
2015,157,Fort Bend County,43,43 yrs,10970,5119,5851,3489,1679,1810,2315,994,1321,2633,1266,1367,2342,1082,1260,191,98,93
2015,157,Fort Bend County,44,44 yrs,11325,5426,5899,3784,1868,1916,2431,1057,1374,2594,1286,1308,2318,1106,1212,198,109,89
2015,157,Fort Bend County,45,45 yrs,11041,5213,5828,3837,1857,1980,2239,947,1292,2575,1268,1307,2202,1045,1157,188,96,92
2015,157,Fort Bend County,46,46 yrs,10377,4938,5439,3562,1712,1850,2154,949,1205,2340,1169,1171,2128,1014,1114,193,94,99
2015,157,Fort Bend County,47,47 yrs,10009,4822,5187,3535,1808,1727,2127,939,1188,2271,1098,1173,1927,919,1008,149,58,91
2015,157,Fort Bend County,48,48 yrs,9968,4879,5089,3607,1816,1791,2058,922,1136,2159,1079,1080,1986,987,999,158,75,83
2015,157,Fort Bend County,49,49 yrs,10032,4877,5155,3540,1746,1794,2086,943,1143,2239,1108,1131,2005,1004,1001,162,76,86
2015,157,Fort Bend County,50,50 yrs,10040,4886,5154,3821,1920,1901,2097,916,1181,2142,1065,1077,1798,899,899,182,86,96
2015,157,Fort Bend County,51,51 yrs,10037,4690,5347,3791,1783,2008,2109,879,1230,2050,982,1068,1916,964,952,171,82,89
2015,157,Fort Bend County,52,52 yrs,10175,4943,5232,4044,2051,1993,2080,922,1158,1951,940,1011,1924,941,983,176,89,87
2015,157,Fort Bend County,53,53 yrs,9718,4679,5039,4117,2019,2098,1972,875,1097,1820,900,920,1624,803,821,185,82,103
2015,157,Fort Bend County,54,54 yrs,9889,4643,5246,4198,2005,2193,2073,941,1132,1712,817,895,1733,806,927,173,74,99
2015,157,Fort Bend County,55,55 yrs,10268,5025,5243,4593,2310,2283,2092,972,1120,1703,859,844,1715,799,916,165,85,80
2015,157,Fort Bend County,56,56 yrs,10069,4817,5252,4726,2310,2416,1982,877,1105,1608,796,812,1601,755,846,152,79,73
2015,157,Fort Bend County,57,57 yrs,9961,4833,5128,4692,2388,2304,1990,868,1122,1556,743,813,1570,751,819,153,83,70
2015,157,Fort Bend County,58,58 yrs,9664,4715,4949,4628,2362,2266,1901,841,1060,1460,709,751,1520,730,790,155,73,82
2015,157,Fort Bend County,59,59 yrs,9291,4630,4661,4250,2189,2061,1853,851,1002,1419,714,705,1597,784,813,172,92,80
2015,157,Fort Bend County,60,60 yrs,8848,4236,4612,4070,2010,2060,1876,844,1032,1286,600,686,1464,708,756,152,74,78
2015,157,Fort Bend County,61,61 yrs,8086,3916,4170,3759,1912,1847,1635,686,949,1190,545,645,1375,707,668,127,66,61
2015,157,Fort Bend County,62,62 yrs,7994,3853,4141,3685,1827,1858,1585,685,900,1117,535,582,1473,741,732,134,65,69
2015,157,Fort Bend County,63,63 yrs,7542,3587,3955,3580,1851,1729,1495,574,921,1079,518,561,1252,586,666,136,58,78
2015,157,Fort Bend County,64,64 yrs,6913,3330,3583,3188,1594,1594,1331,595,736,943,452,491,1337,636,701,114,53,61
2015,157,Fort Bend County,65,65 yrs,6775,3300,3475,3101,1563,1538,1307,585,722,954,453,501,1300,650,650,113,49,64
2015,157,Fort Bend County,66,66 yrs,6145,2971,3174,2843,1431,1412,1232,525,707,831,396,435,1125,556,569,114,63,51
2015,157,Fort Bend County,67,67 yrs,5972,2877,3095,2932,1475,1457,1081,482,599,821,355,466,1031,507,524,107,58,49
2015,157,Fort Bend County,68,68 yrs,5692,2769,2923,2931,1483,1448,930,390,540,764,350,414,955,487,468,112,59,53
2015,157,Fort Bend County,69,69 yrs,4263,2069,2194,1972,985,987,709,325,384,677,305,372,840,418,422,65,36,29
2015,157,Fort Bend County,70,70 yrs,4068,1927,2141,1983,965,1018,660,282,378,574,261,313,769,375,394,82,44,38
2015,157,Fort Bend County,71,71 yrs,3783,1801,1982,1918,969,949,614,238,376,518,217,301,677,347,330,56,30,26
2015,157,Fort Bend County,72,72 yrs,3430,1682,1748,1765,881,884,508,224,284,481,207,274,623,345,278,53,25,28
2015,157,Fort Bend County,73,73 yrs,2897,1405,1492,1462,716,746,419,179,240,405,199,206,551,284,267,60,27,33
2015,157,Fort Bend County,74,74 yrs,2711,1235,1476,1313,625,688,409,169,240,417,179,238,532,247,285,40,15,25
2015,157,Fort Bend County,75,75 yrs,2484,1185,1299,1224,589,635,337,143,194,382,168,214,493,260,233,48,25,23
2015,157,Fort Bend County,76,76 yrs,2238,1026,1212,1145,540,605,319,137,182,322,119,203,422,218,204,30,12,18
2015,157,Fort Bend County,77,77 yrs,2058,912,1146,1043,476,567,280,97,183,320,134,186,390,198,192,25,7,18
2015,157,Fort Bend County,78,78 yrs,1809,794,1015,913,438,475,243,83,160,276,99,177,360,167,193,17,7,10
2015,157,Fort Bend County,79,79 yrs,1769,741,1028,921,412,509,227,85,142,267,93,174,339,144,195,15,7,8
2015,157,Fort Bend County,80,80 yrs,1536,686,850,803,358,445,194,80,114,229,102,127,292,141,151,18,5,13
2015,157,Fort Bend County,81,81 yrs,1312,564,748,707,302,405,182,66,116,195,73,122,213,114,99,15,9,6
2015,157,Fort Bend County,82,82 yrs,1303,531,772,714,299,415,173,53,120,196,76,120,205,95,110,15,8,7
2015,157,Fort Bend County,83,83 yrs,1127,473,654,639,269,370,118,39,79,192,74,118,168,85,83,10,6,4
2015,157,Fort Bend County,84,84 yrs,1043,407,636,567,233,334,111,30,81,181,61,120,173,78,95,11,5,6
2015,157,Fort Bend County,85,85 yrs,980,369,611,538,196,342,100,33,67,183,74,109,152,62,90,7,4,3
2015,157,Fort Bend County,86,86 yrs,852,317,535,485,180,305,110,35,75,130,44,86,119,56,63,8,2,6
2015,157,Fort Bend County,87,87 yrs,731,280,451,412,168,244,88,21,67,111,40,71,108,45,63,12,6,6
2015,157,Fort Bend County,88,88 yrs,631,217,414,354,126,228,68,21,47,110,30,80,94,39,55,5,1,4
2015,157,Fort Bend County,89,89 yrs,528,178,350,330,116,214,54,11,43,80,28,52,61,21,40,3,2,1
2015,157,Fort Bend County,90,90 yrs,476,154,322,302,97,205,47,12,35,61,21,40,61,22,39,5,2,3
2015,157,Fort Bend County,91,91 yrs,367,122,245,222,84,138,43,7,36,63,19,44,37,12,25,2,0,2
2015,157,Fort Bend County,92,92 yrs,297,92,205,182,55,127,32,6,26,44,16,28,36,14,22,3,1,2
2015,157,Fort Bend County,93,93 yrs,239,70,169,154,47,107,25,6,19,32,8,24,26,8,18,2,1,1
2015,157,Fort Bend County,94,94 yrs,158,44,114,98,27,71,16,4,12,15,3,12,27,9,18,2,1,1
2015,157,Fort Bend County,95,95+ yrs,388,96,292,225,55,170,60,11,49,56,15,41,43,14,29,4,1,3
2016,157,Fort Bend County,-1,All Ages,727754,357328,370426,248093,124065,124028,145034,67900,77134,177605,88154,89451,138894,68288,70606,18128,8921,9207
2016,157,Fort Bend County,0,< 1 yr,9605,4890,4715,2307,1177,1130,1927,981,946,3271,1668,1603,1608,815,793,492,249,243
2016,157,Fort Bend County,1,1 yr,9550,4877,4673,2303,1175,1128,1879,957,922,3256,1660,1596,1639,844,795,473,241,232
2016,157,Fort Bend County,2,2 yrs,9562,4873,4689,2312,1180,1132,1852,940,912,3257,1660,1597,1680,861,819,461,232,229
2016,157,Fort Bend County,3,3 yrs,9580,4900,4680,2323,1188,1135,1825,927,898,3258,1661,1597,1725,897,828,449,227,222
2016,157,Fort Bend County,4,4 yrs,9614,4908,4706,2342,1197,1145,1803,913,890,3255,1660,1595,1776,919,857,438,219,219
2016,157,Fort Bend County,5,5 yrs,9686,4961,4725,2375,1215,1160,1791,907,884,3255,1659,1596,1837,965,872,428,215,213
2016,157,Fort Bend County,6,6 yrs,10229,5306,4923,2774,1511,1263,1793,894,899,3276,1653,1623,1974,1039,935,412,209,203
2016,157,Fort Bend County,7,7 yrs,10637,5420,5217,2999,1556,1443,2009,994,1015,3265,1634,1631,1953,1011,942,411,225,186
2016,157,Fort Bend County,8,8 yrs,10716,5488,5228,2951,1519,1432,2053,1032,1021,3215,1664,1551,2115,1085,1030,382,188,194
2016,157,Fort Bend County,9,9 yrs,11085,5598,5487,3072,1570,1502,2171,1066,1105,3325,1678,1647,2111,1086,1025,406,198,208
2016,157,Fort Bend County,10,10 yrs,11235,5843,5392,3277,1751,1526,2174,1127,1047,3275,1700,1575,2132,1085,1047,377,180,197
2016,157,Fort Bend County,11,11 yrs,11365,5768,5597,3324,1739,1585,2226,1070,1156,3351,1725,1626,2057,1030,1027,407,204,203
2016,157,Fort Bend County,12,12 yrs,11761,5945,5816,3507,1746,1761,2394,1194,1200,3300,1700,1600,2119,1079,1040,441,226,215
2016,157,Fort Bend County,13,13 yrs,11793,5981,5812,3488,1720,1768,2463,1301,1162,3347,1681,1666,2106,1097,1009,389,182,207
2016,157,Fort Bend County,14,14 yrs,11699,6107,5592,3595,1881,1714,2450,1266,1184,3310,1677,1633,1942,1061,881,402,222,180
2016,157,Fort Bend County,15,15 yrs,12061,6196,5865,3680,1898,1782,2652,1332,1320,3254,1648,1606,2046,1100,946,429,218,211
2016,157,Fort Bend County,16,16 yrs,12063,6256,5807,3920,2108,1812,2689,1373,1316,3193,1630,1563,1853,937,916,408,208,200
2016,157,Fort Bend County,17,17 yrs,11706,5916,5790,3701,1916,1785,2661,1346,1315,3146,1569,1577,1809,898,911,389,187,202
2016,157,Fort Bend County,18,18 yrs,11004,5665,5339,3440,1813,1627,2578,1285,1293,2881,1493,1388,1738,902,836,367,172,195
2016,157,Fort Bend County,19,19 yrs,9995,5238,4757,3227,1720,1507,2376,1258,1118,2538,1314,1224,1547,793,754,307,153,154
2016,157,Fort Bend County,20,20 yrs,10147,5327,4820,3299,1764,1535,2465,1283,1182,2560,1325,1235,1512,801,711,311,154,157
2016,157,Fort Bend County,21,21 yrs,10118,5190,4928,3136,1648,1488,2484,1244,1240,2583,1343,1240,1590,793,797,325,162,163
2016,157,Fort Bend County,22,22 yrs,10483,5317,5166,3259,1671,1588,2543,1320,1223,2682,1334,1348,1687,840,847,312,152,160
2016,157,Fort Bend County,23,23 yrs,10862,5671,5191,3271,1740,1531,2708,1442,1266,2710,1363,1347,1849,961,888,324,165,159
2016,157,Fort Bend County,24,24 yrs,9888,5140,4748,2888,1522,1366,2452,1276,1176,2588,1339,1249,1682,865,817,278,138,140
2016,157,Fort Bend County,25,25 yrs,8615,4410,4205,2078,1079,999,2155,1149,1006,2545,1302,1243,1623,774,849,214,106,108
2016,157,Fort Bend County,26,26 yrs,8455,4234,4221,1936,1005,931,1968,1002,966,2534,1267,1267,1828,850,978,189,110,79
2016,157,Fort Bend County,27,27 yrs,8205,4203,4002,2025,1053,972,1806,925,881,2444,1252,1192,1765,886,879,165,87,78
2016,157,Fort Bend County,28,28 yrs,8223,4056,4167,2180,1096,1084,1626,746,880,2377,1260,1117,1877,873,1004,163,81,82
2016,157,Fort Bend County,29,29 yrs,8525,4281,4244,2340,1162,1178,1605,803,802,2501,1278,1223,1883,946,937,196,92,104
2016,157,Fort Bend County,30,30 yrs,8667,4256,4411,2370,1211,1159,1570,750,820,2559,1321,1238,2007,897,1110,161,77,84
2016,157,Fort Bend County,31,31 yrs,9294,4541,4753,2629,1290,1339,1591,750,841,2596,1267,1329,2338,1160,1178,140,74,66
2016,157,Fort Bend County,32,32 yrs,8829,4175,4654,2388,1161,1227,1524,700,824,2497,1218,1279,2245,1019,1226,175,77,98
2016,157,Fort Bend County,33,33 yrs,9476,4561,4915,2690,1323,1367,1585,751,834,2780,1356,1424,2261,1059,1202,160,72,88
2016,157,Fort Bend County,34,34 yrs,9512,4662,4850,2680,1306,1374,1598,737,861,2747,1407,1340,2309,1135,1174,178,77,101
2016,157,Fort Bend County,35,35 yrs,9779,4685,5094,2797,1372,1425,1692,769,923,2846,1371,1475,2239,1086,1153,205,87,118
2016,157,Fort Bend County,36,36 yrs,9982,4721,5261,2853,1379,1474,1890,831,1059,2718,1343,1375,2340,1087,1253,181,81,100
2016,157,Fort Bend County,37,37 yrs,9584,4515,5069,2808,1365,1443,1754,740,1014,2648,1314,1334,2175,1013,1162,199,83,116
2016,157,Fort Bend County,38,38 yrs,9738,4649,5089,2829,1380,1449,1773,768,1005,2733,1370,1363,2199,1040,1159,204,91,113
2016,157,Fort Bend County,39,39 yrs,9869,4570,5299,2858,1390,1468,1881,817,1064,2734,1290,1444,2226,1012,1214,170,61,109
2016,157,Fort Bend County,40,40 yrs,9985,4710,5275,2791,1367,1424,1889,800,1089,2804,1361,1443,2303,1080,1223,198,102,96
2016,157,Fort Bend County,41,41 yrs,10628,4982,5646,3125,1496,1629,2025,869,1156,2868,1420,1448,2392,1085,1307,218,112,106
2016,157,Fort Bend County,42,42 yrs,10379,4897,5482,3011,1508,1503,2150,911,1239,2591,1250,1341,2412,1123,1289,215,105,110
2016,157,Fort Bend County,43,43 yrs,10882,5167,5715,3216,1568,1648,2273,977,1296,2704,1312,1392,2487,1219,1268,202,91,111
2016,157,Fort Bend County,44,44 yrs,11197,5233,5964,3562,1714,1848,2344,1004,1340,2680,1292,1388,2413,1121,1292,198,102,96
2016,157,Fort Bend County,45,45 yrs,11589,5573,6016,3876,1919,1957,2470,1075,1395,2643,1315,1328,2395,1151,1244,205,113,92
2016,157,Fort Bend County,46,46 yrs,11213,5287,5926,3910,1890,2020,2259,951,1308,2605,1283,1322,2243,1063,1180,196,100,96
2016,157,Fort Bend County,47,47 yrs,10560,5027,5533,3637,1749,1888,2186,964,1222,2369,1184,1185,2169,1033,1136,199,97,102
2016,157,Fort Bend County,48,48 yrs,10165,4896,5269,3602,1842,1760,2147,945,1202,2298,1112,1186,1963,936,1027,155,61,94
2016,157,Fort Bend County,49,49 yrs,10122,4951,5171,3675,1848,1827,2079,930,1149,2184,1092,1092,2021,1004,1017,163,77,86
2016,157,Fort Bend County,50,50 yrs,10198,4959,5239,3610,1781,1829,2107,951,1156,2267,1123,1144,2044,1023,1021,170,81,89
2016,157,Fort Bend County,51,51 yrs,10170,4943,5227,3888,1954,1934,2111,918,1193,2154,1070,1084,1828,912,916,189,89,100
2016,157,Fort Bend County,52,52 yrs,10164,4741,5423,3856,1813,2043,2125,883,1242,2059,984,1075,1947,976,971,177,85,92
2016,157,Fort Bend County,53,53 yrs,10298,4993,5305,4112,2085,2027,2091,922,1169,1960,941,1019,1954,953,1001,181,92,89
2016,157,Fort Bend County,54,54 yrs,9834,4725,5109,4179,2046,2133,1984,877,1107,1827,901,926,1651,814,837,193,87,106
2016,157,Fort Bend County,55,55 yrs,10053,4702,5351,4288,2041,2247,2094,945,1149,1724,820,904,1766,818,948,181,78,103
2016,157,Fort Bend County,56,56 yrs,10405,5078,5327,4669,2345,2324,2100,970,1130,1716,864,852,1749,811,938,171,88,83
2016,157,Fort Bend County,57,57 yrs,10202,4867,5335,4801,2342,2459,1989,875,1114,1623,802,821,1632,766,866,157,82,75
2016,157,Fort Bend County,58,58 yrs,10088,4884,5204,4767,2423,2344,1994,863,1131,1569,749,820,1601,763,838,157,86,71
2016,157,Fort Bend County,59,59 yrs,9779,4756,5023,4696,2391,2305,1907,839,1068,1469,712,757,1547,739,808,160,75,85
2016,157,Fort Bend County,60,60 yrs,9408,4678,4730,4317,2221,2096,1856,848,1008,1430,719,711,1627,795,832,178,95,83
2016,157,Fort Bend County,61,61 yrs,8966,4276,4690,4129,2035,2094,1877,837,1040,1298,600,698,1505,728,777,157,76,81
2016,157,Fort Bend County,62,62 yrs,8190,3954,4236,3812,1935,1877,1633,679,954,1201,544,657,1414,728,686,130,68,62
2016,157,Fort Bend County,63,63 yrs,8095,3887,4208,3735,1847,1888,1582,677,905,1128,535,593,1513,762,751,137,66,71
2016,157,Fort Bend County,64,64 yrs,7625,3613,4012,3620,1866,1754,1492,568,924,1087,517,570,1286,602,684,140,60,80
2016,157,Fort Bend County,65,65 yrs,6982,3347,3635,3220,1604,1616,1324,586,738,946,448,498,1375,655,720,117,54,63
2016,157,Fort Bend County,66,66 yrs,6851,3327,3524,3139,1579,1560,1307,581,726,963,455,508,1325,662,663,117,50,67
2016,157,Fort Bend County,67,67 yrs,6204,2990,3214,2872,1443,1429,1232,521,711,838,397,441,1145,565,580,117,64,53
2016,157,Fort Bend County,68,68 yrs,6018,2889,3129,2958,1485,1473,1079,477,602,827,355,472,1044,513,531,110,59,51
2016,157,Fort Bend County,69,69 yrs,5728,2776,2952,2954,1491,1463,927,385,542,768,349,419,965,491,474,114,60,54
2016,157,Fort Bend County,70,70 yrs,4286,2072,2214,1986,989,997,705,321,384,681,305,376,848,421,427,66,36,30
2016,157,Fort Bend County,71,71 yrs,4086,1928,2158,1991,965,1026,655,277,378,574,260,314,783,382,401,83,44,39
2016,157,Fort Bend County,72,72 yrs,3791,1798,1993,1922,968,954,608,233,375,518,216,302,685,350,335,58,31,27
2016,157,Fort Bend County,73,73 yrs,3428,1674,1754,1765,878,887,501,219,282,481,205,276,628,347,281,53,25,28
2016,157,Fort Bend County,74,74 yrs,2895,1397,1498,1460,712,748,414,175,239,404,197,207,555,285,270,62,28,34
2016,157,Fort Bend County,75,75 yrs,2698,1220,1478,1307,619,688,402,164,238,414,176,238,534,246,288,41,15,26
2016,157,Fort Bend County,76,76 yrs,2487,1181,1306,1227,588,639,334,141,193,378,165,213,499,262,237,49,25,24
2016,157,Fort Bend County,77,77 yrs,2232,1017,1215,1144,537,607,315,133,182,316,116,200,427,219,208,30,12,18
2016,157,Fort Bend County,78,78 yrs,2043,899,1144,1038,471,567,275,93,182,313,130,183,392,198,194,25,7,18
2016,157,Fort Bend County,79,79 yrs,1791,782,1009,904,432,472,239,81,158,270,96,174,361,166,195,17,7,10
2016,157,Fort Bend County,80,80 yrs,1740,723,1017,908,404,504,221,81,140,258,89,169,338,142,196,15,7,8
2016,157,Fort Bend County,81,81 yrs,1500,664,836,779,344,435,186,75,111,227,99,128,291,141,150,17,5,12
2016,157,Fort Bend County,82,82 yrs,1271,541,730,682,288,394,172,61,111,193,71,122,210,113,97,14,8,6
2016,157,Fort Bend County,83,83 yrs,1255,507,748,683,283,400,163,49,114,193,74,119,202,94,108,14,7,7
2016,157,Fort Bend County,84,84 yrs,1082,449,633,607,252,355,112,36,76,188,71,117,165,84,81,10,6,4
2016,157,Fort Bend County,85,85 yrs,992,380,612,535,217,318,103,26,77,175,57,118,168,75,93,11,5,6
2016,157,Fort Bend County,86,86 yrs,919,340,579,502,180,322,91,29,62,177,70,107,143,58,85,6,3,3
2016,157,Fort Bend County,87,87 yrs,786,286,500,447,163,284,99,30,69,123,40,83,111,52,59,6,1,5
2016,157,Fort Bend County,88,88 yrs,664,248,416,375,150,225,78,17,61,103,36,67,98,40,58,10,5,5
2016,157,Fort Bend County,89,89 yrs,568,190,378,317,110,207,60,18,42,102,27,75,85,34,51,4,1,3
2016,157,Fort Bend County,90,90 yrs,471,156,315,293,101,192,47,9,38,73,25,48,55,19,36,3,2,1
2016,157,Fort Bend County,91,91 yrs,417,132,285,262,82,180,41,10,31,55,18,37,55,20,35,4,2,2
2016,157,Fort Bend County,92,92 yrs,316,102,214,188,69,119,37,6,31,56,16,40,33,11,22,2,0,2
2016,157,Fort Bend County,93,93 yrs,248,74,174,151,44,107,27,5,22,37,13,24,31,12,19,2,0,2
2016,157,Fort Bend County,94,94 yrs,196,56,140,124,36,88,20,5,15,28,7,21,22,7,15,2,1,1
2016,157,Fort Bend County,95,95+ yrs,417,104,313,238,58,180,60,12,48,58,15,43,57,18,39,4,1,3
2017,157,Fort Bend County,-1,All Ages,754361,370408,383953,254448,127285,127163,148922,69671,79251,184766,91644,93122,146995,72329,74666,19230,9479,9751
2017,157,Fort Bend County,0,< 1 yr,9993,5102,4891,2364,1206,1158,2002,1022,980,3392,1730,1662,1713,877,836,522,267,255
2017,157,Fort Bend County,1,1 yr,9930,5057,4873,2355,1202,1153,1953,992,961,3375,1721,1654,1745,889,856,502,253,249
2017,157,Fort Bend County,2,2 yrs,9934,5077,4857,2363,1207,1156,1924,979,945,3376,1721,1655,1783,922,861,488,248,240
2017,157,Fort Bend County,3,3 yrs,9946,5072,4874,2372,1211,1161,1898,962,936,3376,1721,1655,1826,940,886,474,238,236
2017,157,Fort Bend County,4,4 yrs,9970,5104,4866,2384,1220,1164,1870,948,922,3377,1722,1655,1875,980,895,464,234,230
2017,157,Fort Bend County,5,5 yrs,10006,5113,4893,2404,1230,1174,1848,935,913,3374,1720,1654,1929,1003,926,451,225,226
2017,157,Fort Bend County,6,6 yrs,9999,5122,4877,2437,1247,1190,1833,927,906,3352,1711,1641,1936,1016,920,441,221,220
2017,157,Fort Bend County,7,7 yrs,10560,5479,5081,2844,1551,1293,1838,915,923,3373,1704,1669,2080,1094,986,425,215,210
2017,157,Fort Bend County,8,8 yrs,10973,5593,5380,3076,1597,1479,2059,1017,1042,3361,1685,1676,2056,1064,992,421,230,191
2017,157,Fort Bend County,9,9 yrs,11058,5665,5393,3026,1559,1467,2102,1055,1047,3310,1716,1594,2226,1142,1084,394,193,201
2017,157,Fort Bend County,10,10 yrs,11437,5778,5659,3149,1611,1538,2223,1090,1133,3423,1730,1693,2223,1143,1080,419,204,215
2017,157,Fort Bend County,11,11 yrs,11556,6012,5544,3396,1817,1579,2236,1159,1077,3341,1732,1609,2195,1119,1076,388,185,203
2017,157,Fort Bend County,12,12 yrs,11689,5933,5756,3443,1804,1639,2289,1100,1189,3419,1757,1662,2118,1062,1056,420,210,210
2017,157,Fort Bend County,13,13 yrs,12092,6112,5980,3631,1811,1820,2460,1226,1234,3366,1732,1634,2181,1111,1070,454,232,222
2017,157,Fort Bend County,14,14 yrs,12124,6149,5975,3613,1785,1828,2530,1335,1195,3415,1713,1702,2166,1129,1037,400,187,213
2017,157,Fort Bend County,15,15 yrs,11989,6244,5745,3705,1936,1769,2508,1289,1219,3373,1705,1668,1992,1088,904,411,226,185
2017,157,Fort Bend County,16,16 yrs,12374,6366,6008,3848,1994,1854,2718,1367,1351,3264,1654,1610,2106,1128,978,438,223,215
2017,157,Fort Bend County,17,17 yrs,12234,6347,5887,4048,2182,1866,2714,1385,1329,3189,1628,1561,1877,945,932,406,207,199
2017,157,Fort Bend County,18,18 yrs,11242,5736,5506,3545,1873,1672,2550,1309,1241,3052,1527,1525,1707,843,864,388,184,204
2017,157,Fort Bend County,19,19 yrs,10326,5319,5007,3144,1652,1492,2475,1242,1233,2718,1414,1304,1620,839,781,369,172,197
2017,157,Fort Bend County,20,20 yrs,10317,5419,4898,3353,1803,1550,2472,1310,1162,2575,1331,1244,1595,817,778,322,158,164
2017,157,Fort Bend County,21,21 yrs,10471,5460,5011,3331,1774,1557,2554,1317,1237,2625,1346,1279,1635,860,775,326,163,163
2017,157,Fort Bend County,22,22 yrs,10552,5359,5193,3226,1682,1544,2581,1282,1299,2654,1363,1291,1748,858,890,343,174,169
2017,157,Fort Bend County,23,23 yrs,11065,5579,5486,3455,1760,1695,2634,1362,1272,2761,1361,1400,1886,937,949,329,159,170
2017,157,Fort Bend County,24,24 yrs,11313,5891,5422,3383,1800,1583,2780,1475,1305,2802,1399,1403,2008,1044,964,340,173,167
2017,157,Fort Bend County,25,25 yrs,10303,5326,4977,2987,1573,1414,2535,1313,1222,2659,1365,1294,1829,928,901,293,147,146
2017,157,Fort Bend County,26,26 yrs,9105,4651,4454,2162,1120,1042,2216,1180,1036,2687,1366,1321,1814,873,941,226,112,114
2017,157,Fort Bend County,27,27 yrs,8916,4434,4482,1992,1038,954,2022,1027,995,2670,1326,1344,2034,927,1107,198,116,82
2017,157,Fort Bend County,28,28 yrs,8687,4441,4246,2107,1100,1007,1849,949,900,2575,1312,1263,1983,988,995,173,92,81
2017,157,Fort Bend County,29,29 yrs,8669,4242,4427,2227,1114,1113,1668,763,905,2496,1314,1182,2107,965,1142,171,86,85
2017,157,Fort Bend County,30,30 yrs,8926,4439,4487,2394,1184,1210,1636,814,822,2627,1332,1295,2064,1013,1051,205,96,109
2017,157,Fort Bend County,31,31 yrs,9197,4535,4662,2450,1252,1198,1610,765,845,2692,1391,1301,2276,1046,1230,169,81,88
2017,157,Fort Bend County,32,32 yrs,9793,4795,4998,2702,1328,1374,1628,768,860,2725,1330,1395,2592,1291,1301,146,78,68
2017,157,Fort Bend County,33,33 yrs,9313,4418,4895,2453,1193,1260,1560,716,844,2616,1275,1341,2501,1154,1347,183,80,103
2017,157,Fort Bend County,34,34 yrs,9950,4799,5151,2759,1356,1403,1619,767,852,2910,1421,1489,2496,1179,1317,166,76,90
2017,157,Fort Bend County,35,35 yrs,9985,4896,5089,2744,1335,1409,1627,745,882,2879,1474,1405,2552,1264,1288,183,78,105
2017,157,Fort Bend County,36,36 yrs,10132,4872,5260,2867,1408,1459,1728,786,942,2941,1419,1522,2380,1166,1214,216,93,123
2017,157,Fort Bend County,37,37 yrs,10333,4900,5433,2922,1413,1509,1925,846,1079,2812,1391,1421,2486,1166,1320,188,84,104
2017,157,Fort Bend County,38,38 yrs,9913,4682,5231,2875,1400,1475,1783,751,1032,2735,1358,1377,2311,1085,1226,209,88,121
2017,157,Fort Bend County,39,39 yrs,10069,4824,5245,2895,1414,1481,1801,780,1021,2825,1420,1405,2336,1114,1222,212,96,116
2017,157,Fort Bend County,40,40 yrs,10212,4743,5469,2928,1425,1503,1918,833,1085,2828,1336,1492,2361,1084,1277,177,65,112
2017,157,Fort Bend County,41,41 yrs,10211,4829,5382,2855,1399,1456,1920,812,1108,2852,1389,1463,2378,1123,1255,206,106,100
2017,157,Fort Bend County,42,42 yrs,10860,5102,5758,3197,1532,1665,2051,878,1173,2918,1449,1469,2467,1126,1341,227,117,110
2017,157,Fort Bend County,43,43 yrs,10606,5017,5589,3077,1541,1536,2179,923,1256,2634,1274,1360,2490,1168,1322,226,111,115
2017,157,Fort Bend County,44,44 yrs,11111,5286,5825,3283,1601,1682,2302,987,1315,2753,1340,1413,2564,1263,1301,209,95,114
2017,157,Fort Bend County,45,45 yrs,11462,5379,6083,3649,1762,1887,2383,1022,1361,2731,1321,1410,2493,1167,1326,206,107,99
2017,157,Fort Bend County,46,46 yrs,11767,5652,6115,3947,1952,1995,2493,1081,1412,2674,1330,1344,2440,1172,1268,213,117,96
2017,157,Fort Bend County,47,47 yrs,11409,5381,6028,3990,1930,2060,2292,965,1327,2637,1299,1338,2287,1083,1204,203,104,99
2017,157,Fort Bend County,48,48 yrs,10730,5106,5624,3704,1780,1924,2207,971,1236,2399,1200,1199,2212,1053,1159,208,102,106
2017,157,Fort Bend County,49,49 yrs,10320,4966,5354,3670,1874,1796,2167,952,1215,2324,1125,1199,1999,952,1047,160,63,97
2017,157,Fort Bend County,50,50 yrs,10293,5037,5256,3749,1886,1863,2101,938,1163,2211,1107,1104,2061,1024,1037,171,82,89
2017,157,Fort Bend County,51,51 yrs,10328,5014,5314,3673,1812,1861,2120,952,1168,2280,1128,1152,2080,1038,1042,175,84,91
2017,157,Fort Bend County,52,52 yrs,10295,4995,5300,3954,1986,1968,2124,920,1204,2163,1072,1091,1858,924,934,196,93,103
2017,157,Fort Bend County,53,53 yrs,10284,4789,5495,3920,1843,2077,2137,884,1253,2067,985,1082,1978,989,989,182,88,94
2017,157,Fort Bend County,54,54 yrs,10422,5044,5378,4175,2114,2061,2104,924,1180,1968,943,1025,1987,966,1021,188,97,91
2017,157,Fort Bend County,55,55 yrs,9996,4786,5210,4270,2084,2186,2003,880,1123,1839,904,935,1680,825,855,204,93,111
2017,157,Fort Bend County,56,56 yrs,10188,4753,5435,4361,2073,2288,2101,943,1158,1738,825,913,1801,831,970,187,81,106
2017,157,Fort Bend County,57,57 yrs,10539,5129,5410,4742,2377,2365,2106,967,1139,1730,870,860,1785,824,961,176,91,85
2017,157,Fort Bend County,58,58 yrs,10333,4916,5417,4877,2376,2501,1993,870,1123,1636,808,828,1665,777,888,162,85,77
2017,157,Fort Bend County,59,59 yrs,10209,4927,5282,4837,2453,2384,2000,860,1140,1581,753,828,1631,774,857,160,87,73
2017,157,Fort Bend County,60,60 yrs,9903,4807,5096,4770,2426,2344,1909,835,1074,1481,717,764,1578,751,827,165,78,87
2017,157,Fort Bend County,61,61 yrs,9538,4724,4814,4381,2249,2132,1857,841,1016,1443,719,724,1674,818,856,183,97,86
2017,157,Fort Bend County,62,62 yrs,9083,4316,4767,4188,2059,2129,1874,829,1045,1310,599,711,1549,750,799,162,79,83
2017,157,Fort Bend County,63,63 yrs,8292,3989,4303,3863,1956,1907,1631,672,959,1213,544,669,1452,748,704,133,69,64
2017,157,Fort Bend County,64,64 yrs,8188,3917,4271,3779,1863,1916,1578,670,908,1137,534,603,1554,783,771,140,67,73
2017,157,Fort Bend County,65,65 yrs,7702,3636,4066,3659,1881,1778,1486,560,926,1092,513,579,1321,620,701,144,62,82
2017,157,Fort Bend County,66,66 yrs,7062,3375,3687,3259,1620,1639,1325,582,743,955,450,505,1401,667,734,122,56,66
2017,157,Fort Bend County,67,67 yrs,6918,3349,3569,3172,1592,1580,1307,577,730,969,455,514,1348,673,675,122,52,70
2017,157,Fort Bend County,68,68 yrs,6253,3003,3250,2898,1453,1445,1230,515,715,845,398,447,1160,572,588,120,65,55
2017,157,Fort Bend County,69,69 yrs,6056,2896,3160,2980,1492,1488,1074,470,604,833,355,478,1056,518,538,113,61,52
2017,157,Fort Bend County,70,70 yrs,5760,2781,2979,2974,1496,1478,923,380,543,772,349,423,974,495,479,117,61,56
2017,157,Fort Bend County,71,71 yrs,4303,2073,2230,1994,990,1004,700,316,384,680,302,378,862,428,434,67,37,30
2017,157,Fort Bend County,72,72 yrs,4094,1922,2172,1995,963,1032,649,271,378,574,258,316,792,385,407,84,45,39
2017,157,Fort Bend County,73,73 yrs,3792,1789,2003,1924,965,959,601,228,373,518,214,304,691,351,340,58,31,27
2017,157,Fort Bend County,74,74 yrs,3424,1662,1762,1763,873,890,494,213,281,480,203,277,632,347,285,55,26,29
2017,157,Fort Bend County,75,75 yrs,2880,1379,1501,1454,705,749,407,170,237,400,193,207,557,284,273,62,27,35
2017,157,Fort Bend County,76,76 yrs,2697,1213,1484,1310,618,692,396,160,236,408,172,236,542,249,293,41,14,27
2017,157,Fort Bend County,77,77 yrs,2478,1169,1309,1225,585,640,328,136,192,371,161,210,505,263,242,49,24,25
2017,157,Fort Bend County,78,78 yrs,2211,1001,1210,1137,531,606,308,128,180,310,113,197,427,218,209,29,11,18
2017,157,Fort Bend County,79,79 yrs,2021,883,1138,1030,465,565,268,89,179,306,126,180,392,196,196,25,7,18
2017,157,Fort Bend County,80,80 yrs,1762,764,998,892,424,468,232,77,155,262,92,170,360,164,196,16,7,9
2017,157,Fort Bend County,81,81 yrs,1703,703,1000,880,388,492,212,77,135,258,88,170,338,143,195,15,7,8
2017,157,Fort Bend County,82,82 yrs,1455,638,817,750,328,422,176,69,107,224,96,128,288,140,148,17,5,12
2017,157,Fort Bend County,83,83 yrs,1226,517,709,652,272,380,164,57,107,189,68,121,208,112,96,13,8,5
2017,157,Fort Bend County,84,84 yrs,1203,480,723,649,266,383,153,44,109,188,70,118,199,93,106,14,7,7
2017,157,Fort Bend County,85,85 yrs,1026,421,605,572,235,337,103,32,71,182,67,115,160,81,79,9,6,3
2017,157,Fort Bend County,86,86 yrs,931,352,579,500,200,300,94,23,71,169,54,115,159,71,88,9,4,5
2017,157,Fort Bend County,87,87 yrs,852,311,541,464,164,300,83,26,57,167,64,103,133,54,79,5,3,2
2017,157,Fort Bend County,88,88 yrs,720,258,462,407,146,261,89,26,63,117,37,80,102,48,54,5,1,4
2017,157,Fort Bend County,89,89 yrs,602,220,382,336,132,204,71,15,56,97,33,64,90,36,54,8,4,4
2017,157,Fort Bend County,90,90 yrs,507,165,342,280,95,185,53,15,38,94,24,70,76,30,46,4,1,3
2017,157,Fort Bend County,91,91 yrs,412,133,279,254,86,168,40,7,33,66,22,44,49,16,33,3,2,1
2017,157,Fort Bend County,92,92 yrs,357,109,248,222,68,154,34,7,27,50,16,34,48,17,31,3,1,2
2017,157,Fort Bend County,93,93 yrs,264,82,182,155,55,100,31,5,26,49,14,35,27,8,19,2,0,2
2017,157,Fort Bend County,94,94 yrs,200,58,142,121,34,87,21,4,17,32,11,21,25,9,16,1,0,1
2017,157,Fort Bend County,95,95+ yrs,470,120,350,270,68,202,62,13,49,70,18,52,62,19,43,6,2,4
2018,157,Fort Bend County,-1,All Ages,781965,383980,397985,260902,130546,130356,152917,71489,81428,192140,95240,96900,155597,76634,78963,20409,10071,10338
2018,157,Fort Bend County,0,< 1 yr,10405,5299,5106,2427,1238,1189,2077,1058,1019,3519,1794,1725,1825,926,899,557,283,274
2018,157,Fort Bend County,1,1 yr,10336,5279,5057,2415,1233,1182,2029,1033,996,3500,1785,1715,1858,956,902,534,272,262
2018,157,Fort Bend County,2,2 yrs,10332,5266,5066,2417,1235,1182,2000,1015,985,3499,1784,1715,1898,972,926,518,260,258
2018,157,Fort Bend County,3,3 yrs,10335,5286,5049,2424,1239,1185,1972,1002,970,3498,1783,1715,1939,1008,931,502,254,248
2018,157,Fort Bend County,4,4 yrs,10351,5285,5066,2434,1244,1190,1944,985,959,3500,1784,1716,1984,1027,957,489,245,244
2018,157,Fort Bend County,5,5 yrs,10377,5317,5060,2445,1252,1193,1916,970,946,3501,1785,1716,2037,1070,967,478,240,238
2018,157,Fort Bend County,6,6 yrs,10330,5280,5050,2467,1263,1204,1891,955,936,3474,1774,1700,2033,1057,976,465,231,234
2018,157,Fort Bend County,7,7 yrs,10320,5289,5031,2499,1280,1219,1876,947,929,3450,1764,1686,2041,1071,970,454,227,227
2018,157,Fort Bend County,8,8 yrs,10896,5655,5241,2917,1592,1325,1882,935,947,3472,1757,1715,2189,1151,1038,436,220,216
2018,157,Fort Bend County,9,9 yrs,11320,5771,5549,3154,1639,1515,2109,1040,1069,3459,1737,1722,2165,1120,1045,433,235,198
2018,157,Fort Bend County,10,10 yrs,11413,5848,5565,3103,1599,1504,2153,1079,1074,3407,1769,1638,2344,1203,1141,406,198,208
2018,157,Fort Bend County,11,11 yrs,11762,5944,5818,3264,1672,1592,2286,1120,1166,3492,1763,1729,2288,1179,1109,432,210,222
2018,157,Fort Bend County,12,12 yrs,11890,6188,5702,3520,1886,1634,2300,1192,1108,3410,1766,1644,2259,1153,1106,401,191,210
2018,157,Fort Bend County,13,13 yrs,12017,6101,5916,3565,1871,1694,2352,1130,1222,3487,1790,1697,2179,1093,1086,434,217,217
2018,157,Fort Bend County,14,14 yrs,12437,6287,6150,3760,1879,1881,2528,1259,1269,3435,1765,1670,2245,1145,1100,469,239,230
2018,157,Fort Bend County,15,15 yrs,12426,6288,6138,3724,1837,1887,2590,1360,1230,3480,1742,1738,2222,1158,1064,410,191,219
2018,157,Fort Bend County,16,16 yrs,12297,6416,5881,3874,2033,1841,2571,1324,1247,3381,1709,1672,2051,1118,933,420,232,188
2018,157,Fort Bend County,17,17 yrs,12545,6455,6090,3973,2064,1909,2743,1379,1364,3257,1650,1607,2137,1140,997,435,222,213
2018,157,Fort Bend County,18,18 yrs,11763,6158,5605,3875,2128,1747,2605,1348,1257,3095,1584,1511,1781,893,888,407,205,202
2018,157,Fort Bend County,19,19 yrs,10538,5381,5157,3235,1703,1532,2446,1264,1182,2879,1446,1433,1588,783,805,390,185,205
2018,157,Fort Bend County,20,20 yrs,10650,5497,5153,3265,1732,1533,2575,1294,1281,2756,1431,1325,1669,863,806,385,177,208
2018,157,Fort Bend County,21,21 yrs,10645,5553,5092,3384,1812,1572,2560,1346,1214,2640,1352,1288,1724,876,848,337,167,170
2018,157,Fort Bend County,22,22 yrs,10919,5640,5279,3427,1812,1615,2656,1358,1298,2698,1366,1332,1793,929,864,345,175,170
2018,157,Fort Bend County,23,23 yrs,11146,5627,5519,3425,1774,1651,2675,1323,1352,2732,1391,1341,1954,957,997,360,182,178
2018,157,Fort Bend County,24,24 yrs,11525,5794,5731,3574,1821,1753,2706,1393,1313,2854,1396,1458,2044,1016,1028,347,168,179
2018,157,Fort Bend County,25,25 yrs,11780,6102,5678,3498,1861,1637,2870,1516,1354,2877,1425,1452,2177,1117,1060,358,183,175
2018,157,Fort Bend County,26,26 yrs,10855,5602,5253,3100,1630,1470,2606,1348,1258,2805,1431,1374,2036,1038,998,308,155,153
2018,157,Fort Bend County,27,27 yrs,9588,4868,4720,2224,1157,1067,2277,1209,1068,2829,1429,1400,2021,955,1066,237,118,119
2018,157,Fort Bend County,28,28 yrs,9444,4681,4763,2070,1083,987,2070,1053,1017,2813,1389,1424,2282,1033,1249,209,123,86
2018,157,Fort Bend County,29,29 yrs,9150,4640,4510,2152,1118,1034,1895,970,925,2704,1368,1336,2217,1087,1130,182,97,85
2018,157,Fort Bend County,30,30 yrs,9093,4402,4691,2280,1136,1144,1699,772,927,2622,1370,1252,2313,1034,1279,179,90,89
2018,157,Fort Bend County,31,31 yrs,9478,4741,4737,2475,1225,1250,1679,831,848,2764,1403,1361,2344,1180,1164,216,102,114
2018,157,Fort Bend County,32,32 yrs,9695,4784,4911,2520,1290,1230,1649,784,865,2826,1460,1366,2523,1164,1359,177,86,91
2018,157,Fort Bend County,33,33 yrs,10338,5084,5254,2775,1365,1410,1667,786,881,2854,1391,1463,2889,1461,1428,153,81,72
2018,157,Fort Bend County,34,34 yrs,9801,4662,5139,2516,1223,1293,1594,732,862,2737,1335,1402,2762,1286,1476,192,86,106
2018,157,Fort Bend County,35,35 yrs,10450,5040,5410,2825,1387,1438,1647,775,872,3048,1488,1560,2758,1312,1446,172,78,94
2018,157,Fort Bend County,36,36 yrs,10350,5094,5256,2811,1369,1442,1660,760,900,2975,1525,1450,2711,1356,1355,193,84,109
2018,157,Fort Bend County,37,37 yrs,10493,5059,5434,2936,1442,1494,1761,801,960,3043,1470,1573,2529,1250,1279,224,96,128
2018,157,Fort Bend County,38,38 yrs,10693,5085,5608,2992,1449,1543,1960,860,1100,2905,1439,1466,2639,1248,1391,197,89,108
2018,157,Fort Bend County,39,39 yrs,10256,4862,5394,2943,1435,1508,1814,764,1050,2827,1408,1419,2455,1163,1292,217,92,125
2018,157,Fort Bend County,40,40 yrs,10429,5013,5416,2967,1450,1517,1838,796,1042,2923,1471,1452,2480,1195,1285,221,101,120
2018,157,Fort Bend County,41,41 yrs,10442,4861,5581,2996,1458,1538,1949,845,1104,2876,1363,1513,2438,1128,1310,183,67,116
2018,157,Fort Bend County,42,42 yrs,10434,4945,5489,2920,1432,1488,1942,819,1123,2901,1417,1484,2455,1166,1289,216,111,105
2018,157,Fort Bend County,43,43 yrs,11096,5226,5870,3268,1566,1702,2077,889,1188,2967,1477,1490,2546,1170,1376,238,124,114
2018,157,Fort Bend County,44,44 yrs,10826,5130,5696,3141,1573,1568,2206,932,1274,2680,1300,1380,2567,1210,1357,232,115,117
2018,157,Fort Bend County,45,45 yrs,11370,5431,5939,3364,1646,1718,2338,1004,1334,2805,1370,1435,2648,1313,1335,215,98,117
2018,157,Fort Bend County,46,46 yrs,11640,5455,6185,3717,1792,1925,2406,1028,1378,2763,1336,1427,2540,1188,1352,214,111,103
2018,157,Fort Bend County,47,47 yrs,11971,5752,6219,4029,1994,2035,2527,1095,1432,2707,1347,1360,2487,1194,1293,221,122,99
2018,157,Fort Bend County,48,48 yrs,11592,5465,6127,4067,1966,2101,2313,971,1342,2670,1316,1354,2330,1103,1227,212,109,103
2018,157,Fort Bend County,49,49 yrs,10895,5180,5715,3775,1812,1963,2227,978,1249,2426,1213,1213,2253,1072,1181,214,105,109
2018,157,Fort Bend County,50,50 yrs,10487,5048,5439,3743,1912,1831,2187,959,1228,2351,1140,1211,2038,970,1068,168,67,101
2018,157,Fort Bend County,51,51 yrs,10425,5094,5331,3815,1919,1896,2112,938,1174,2224,1112,1112,2097,1039,1058,177,86,91
2018,157,Fort Bend County,52,52 yrs,10451,5064,5387,3735,1842,1893,2134,955,1179,2289,1129,1160,2113,1051,1062,180,87,93
2018,157,Fort Bend County,53,53 yrs,10417,5045,5372,4020,2019,2001,2137,921,1216,2170,1073,1097,1888,936,952,202,96,106
2018,157,Fort Bend County,54,54 yrs,10409,4838,5571,3980,1869,2111,2151,886,1265,2076,987,1089,2012,1003,1009,190,93,97
2018,157,Fort Bend County,55,55 yrs,10590,5110,5480,4266,2154,2112,2124,928,1196,1980,946,1034,2023,980,1043,197,102,95
2018,157,Fort Bend County,56,56 yrs,10128,4837,5291,4342,2116,2226,2010,878,1132,1854,910,944,1712,837,875,210,96,114
2018,157,Fort Bend County,57,57 yrs,10318,4800,5518,4429,2101,2328,2107,940,1167,1753,832,921,1836,843,993,193,84,109
2018,157,Fort Bend County,58,58 yrs,10673,5182,5491,4817,2412,2405,2109,962,1147,1745,877,868,1820,836,984,182,95,87
2018,157,Fort Bend County,59,59 yrs,10456,4960,5496,4949,2406,2543,1998,867,1131,1647,812,835,1696,788,908,166,87,79
2018,157,Fort Bend County,60,60 yrs,10336,4979,5357,4912,2488,2424,2005,858,1147,1591,757,834,1663,785,878,165,91,74
2018,157,Fort Bend County,61,61 yrs,10038,4856,5182,4839,2457,2382,1911,829,1082,1495,717,778,1623,773,850,170,80,90
2018,157,Fort Bend County,62,62 yrs,9666,4770,4896,4444,2276,2168,1856,834,1022,1456,718,738,1722,842,880,188,100,88
2018,157,Fort Bend County,63,63 yrs,9192,4352,4840,4244,2082,2162,1870,820,1050,1322,599,723,1590,771,819,166,80,86
2018,157,Fort Bend County,64,64 yrs,8385,4020,4365,3909,1974,1935,1625,664,961,1222,543,679,1492,768,724,137,71,66
2018,157,Fort Bend County,65,65 yrs,8272,3944,4328,3819,1877,1942,1571,661,910,1141,530,611,1598,807,791,143,69,74
2018,157,Fort Bend County,66,66 yrs,7789,3666,4123,3703,1900,1803,1488,556,932,1102,515,587,1348,632,716,148,63,85
2018,157,Fort Bend County,67,67 yrs,7128,3395,3733,3294,1634,1660,1324,577,747,961,450,511,1424,677,747,125,57,68
2018,157,Fort Bend County,68,68 yrs,6973,3364,3609,3201,1603,1598,1304,571,733,976,456,520,1366,681,685,126,53,73
2018,157,Fort Bend County,69,69 yrs,6292,3012,3280,2921,1461,1460,1226,509,717,848,397,451,1174,578,596,123,67,56
2018,157,Fort Bend County,70,70 yrs,6086,2899,3187,2999,1497,1502,1069,464,605,836,354,482,1066,522,544,116,62,54
2018,157,Fort Bend County,71,71 yrs,5786,2783,3003,2987,1498,1489,917,374,543,773,347,426,989,502,487,120,62,58
2018,157,Fort Bend County,72,72 yrs,4316,2068,2248,2000,989,1011,694,310,384,681,300,381,873,432,441,68,37,31
2018,157,Fort Bend County,73,73 yrs,4098,1914,2184,1999,961,1038,641,265,376,573,255,318,800,388,412,85,45,40
2018,157,Fort Bend County,74,74 yrs,3786,1775,2011,1922,959,963,593,222,371,516,211,305,695,351,344,60,32,28
2018,157,Fort Bend County,75,75 yrs,3406,1643,1763,1756,865,891,485,206,279,475,199,276,635,348,287,55,25,30
2018,157,Fort Bend County,76,76 yrs,2883,1375,1508,1457,704,753,402,166,236,395,190,205,567,288,279,62,27,35
2018,157,Fort Bend County,77,77 yrs,2690,1203,1487,1308,615,693,390,155,235,402,169,233,548,250,298,42,14,28
2018,157,Fort Bend County,78,78 yrs,2459,1154,1305,1218,579,639,322,132,190,362,156,206,507,263,244,50,24,26
2018,157,Fort Bend County,79,79 yrs,2186,983,1203,1127,524,603,300,123,177,303,110,193,427,215,212,29,11,18
2018,157,Fort Bend County,80,80 yrs,1990,863,1127,1016,455,561,262,86,176,296,121,175,391,194,197,25,7,18
2018,157,Fort Bend County,81,81 yrs,1721,740,981,864,407,457,221,72,149,261,90,171,359,164,195,16,7,9
2018,157,Fort Bend County,82,82 yrs,1653,675,978,848,370,478,201,71,130,256,85,171,334,142,192,14,7,7
2018,157,Fort Bend County,83,83 yrs,1404,611,793,718,311,407,166,64,102,219,92,127,284,139,145,17,5,12
2018,157,Fort Bend County,84,84 yrs,1176,491,685,620,256,364,154,52,102,185,65,120,204,110,94,13,8,5
2018,157,Fort Bend County,85,85 yrs,1146,450,696,612,247,365,144,40,104,182,66,116,194,90,104,14,7,7
2018,157,Fort Bend County,86,86 yrs,963,389,574,535,217,318,95,29,66,174,62,112,151,76,75,8,5,3
2018,157,Fort Bend County,87,87 yrs,863,319,544,461,181,280,85,20,65,160,49,111,149,66,83,8,3,5
2018,157,Fort Bend County,88,88 yrs,779,278,501,422,146,276,74,22,52,156,58,98,123,50,73,4,2,2
2018,157,Fort Bend County,89,89 yrs,652,229,423,366,128,238,80,23,57,109,34,75,93,43,50,4,1,3
2018,157,Fort Bend County,90,90 yrs,535,192,343,298,115,183,61,12,49,89,30,59,81,32,49,6,3,3
2018,157,Fort Bend County,91,91 yrs,442,141,301,244,81,163,44,12,32,83,20,63,68,27,41,3,1,2
2018,157,Fort Bend County,92,92 yrs,354,110,244,215,70,145,35,6,29,59,19,40,43,14,29,2,1,1
2018,157,Fort Bend County,93,93 yrs,300,90,210,185,55,130,29,6,23,43,14,29,40,14,26,3,1,2
2018,157,Fort Bend County,94,94 yrs,216,65,151,124,42,82,25,4,21,43,12,31,23,7,16,1,0,1
2018,157,Fort Bend County,95,95+ yrs,516,136,380,291,75,216,66,13,53,84,24,60,71,23,48,4,1,3
2019,157,Fort Bend County,-1,All Ages,810619,398055,412564,267466,133848,133618,156992,73347,83645,199787,98961,100826,164714,81207,83507,21660,10692,10968
2019,157,Fort Bend County,0,< 1 yr,10844,5535,5309,2503,1276,1227,2153,1099,1054,3651,1862,1789,1945,996,949,592,302,290
2019,157,Fort Bend County,1,1 yr,10760,5482,5278,2478,1265,1213,2104,1069,1035,3630,1850,1780,1979,1010,969,569,288,281
2019,157,Fort Bend County,2,2 yrs,10751,5494,5257,2477,1265,1212,2078,1056,1022,3626,1849,1777,2019,1044,975,551,280,271
2019,157,Fort Bend County,3,3 yrs,10751,5485,5266,2481,1269,1212,2049,1039,1010,3625,1848,1777,2062,1062,1000,534,267,267
2019,157,Fort Bend County,4,4 yrs,10756,5505,5251,2488,1273,1215,2019,1024,995,3625,1847,1778,2106,1100,1006,518,261,257
2019,157,Fort Bend County,5,5 yrs,10775,5506,5269,2498,1278,1220,1991,1007,984,3628,1849,1779,2155,1121,1034,503,251,252
2019,157,Fort Bend County,6,6 yrs,10710,5490,5220,2509,1286,1223,1961,992,969,3603,1840,1763,2146,1126,1020,491,246,245
2019,157,Fort Bend County,7,7 yrs,10661,5451,5210,2530,1296,1234,1935,976,959,3575,1828,1747,2143,1114,1029,478,237,241
2019,157,Fort Bend County,8,8 yrs,10652,5460,5192,2566,1315,1251,1919,967,952,3552,1819,1733,2149,1127,1022,466,232,234
2019,157,Fort Bend County,9,9 yrs,11245,5837,5408,2992,1634,1358,1927,956,971,3573,1811,1762,2305,1211,1094,448,225,223
2019,157,Fort Bend County,10,10 yrs,11676,5954,5722,3234,1681,1553,2157,1062,1095,3559,1790,1769,2279,1179,1100,447,242,205
2019,157,Fort Bend County,11,11 yrs,11732,6013,5719,3215,1660,1555,2214,1109,1105,3474,1801,1673,2411,1239,1172,418,204,214
2019,157,Fort Bend County,12,12 yrs,12095,6115,5980,3381,1735,1646,2350,1152,1198,3562,1796,1766,2357,1216,1141,445,216,229
2019,157,Fort Bend County,13,13 yrs,12224,6363,5861,3645,1956,1689,2364,1224,1140,3478,1799,1679,2324,1188,1136,413,196,217
2019,157,Fort Bend County,14,14 yrs,12351,6273,6078,3689,1939,1750,2417,1161,1256,3556,1823,1733,2242,1126,1116,447,224,223
2019,157,Fort Bend County,15,15 yrs,12745,6428,6317,3874,1933,1941,2587,1282,1305,3499,1794,1705,2304,1175,1129,481,244,237
2019,157,Fort Bend County,16,16 yrs,12747,6458,6289,3894,1930,1964,2654,1396,1258,3489,1746,1743,2292,1191,1101,418,195,223
2019,157,Fort Bend County,17,17 yrs,12468,6505,5963,3999,2103,1896,2595,1335,1260,3375,1706,1669,2082,1131,951,417,230,187
2019,157,Fort Bend County,18,18 yrs,12065,6264,5801,3797,2012,1785,2629,1341,1288,3162,1607,1555,2042,1085,957,435,219,216
2019,157,Fort Bend County,19,19 yrs,11034,5779,5255,3535,1937,1598,2503,1303,1200,2923,1501,1422,1665,833,832,408,205,203
2019,157,Fort Bend County,20,20 yrs,10867,5561,5306,3360,1785,1575,2543,1316,1227,2918,1463,1455,1637,806,831,409,191,218
2019,157,Fort Bend County,21,21 yrs,10999,5636,5363,3296,1740,1556,2668,1328,1340,2826,1454,1372,1806,927,879,403,187,216
2019,157,Fort Bend County,22,22 yrs,11104,5736,5368,3484,1851,1633,2663,1389,1274,2712,1371,1341,1890,946,944,355,179,176
2019,157,Fort Bend County,23,23 yrs,11536,5925,5611,3641,1912,1729,2755,1402,1353,2778,1394,1384,2000,1034,966,362,183,179
2019,157,Fort Bend County,24,24 yrs,11618,5847,5771,3549,1838,1711,2748,1353,1395,2824,1427,1397,2117,1037,1080,380,192,188
2019,157,Fort Bend County,25,25 yrs,11998,6002,5996,3698,1885,1813,2794,1432,1362,2931,1422,1509,2212,1086,1126,363,177,186
2019,157,Fort Bend County,26,26 yrs,12405,6415,5990,3629,1929,1700,2949,1557,1392,3035,1494,1541,2414,1242,1172,378,193,185
2019,157,Fort Bend County,27,27 yrs,11386,5847,5539,3182,1678,1504,2675,1379,1296,2952,1496,1456,2254,1131,1123,323,163,160
2019,157,Fort Bend County,28,28 yrs,10142,5135,5007,2311,1206,1105,2331,1240,1091,2982,1498,1484,2271,1067,1204,247,124,123
2019,157,Fort Bend County,29,29 yrs,9958,4888,5070,2113,1100,1013,2121,1076,1045,2954,1447,1507,2551,1136,1415,219,129,90
2019,157,Fort Bend County,30,30 yrs,9587,4808,4779,2201,1138,1063,1930,983,947,2839,1425,1414,2427,1161,1266,190,101,89
2019,157,Fort Bend County,31,31 yrs,9671,4706,4965,2358,1175,1183,1744,788,956,2758,1442,1316,2622,1206,1416,189,95,94
2019,157,Fort Bend County,32,32 yrs,9989,5006,4983,2545,1261,1284,1717,851,866,2901,1472,1429,2600,1314,1286,226,108,118
2019,157,Fort Bend County,33,33 yrs,10229,5061,5168,2587,1325,1262,1689,802,887,2959,1527,1432,2809,1317,1492,185,90,95
2019,157,Fort Bend County,34,34 yrs,10887,5374,5513,2847,1399,1448,1702,803,899,2988,1458,1530,3189,1627,1562,161,87,74
2019,157,Fort Bend County,35,35 yrs,10312,4907,5405,2575,1250,1325,1622,740,882,2867,1398,1469,3050,1431,1619,198,88,110
2019,157,Fort Bend County,36,36 yrs,10835,5245,5590,2895,1422,1473,1681,792,889,3148,1539,1609,2929,1408,1521,182,84,98
2019,157,Fort Bend County,37,37 yrs,10731,5297,5434,2880,1403,1477,1691,774,917,3078,1580,1498,2881,1453,1428,201,87,114
2019,157,Fort Bend County,38,38 yrs,10861,5252,5609,3007,1479,1528,1790,813,977,3144,1521,1623,2686,1338,1348,234,101,133
2019,157,Fort Bend County,39,39 yrs,11068,5281,5787,3062,1485,1577,1992,874,1118,3004,1492,1512,2805,1337,1468,205,93,112
2019,157,Fort Bend County,40,40 yrs,10620,5051,5569,3015,1471,1544,1848,778,1070,2924,1458,1466,2607,1247,1360,226,97,129
2019,157,Fort Bend County,41,41 yrs,10666,5139,5527,3034,1483,1551,1867,807,1060,2973,1501,1472,2562,1243,1319,230,105,125
2019,157,Fort Bend County,42,42 yrs,10668,4977,5691,3064,1493,1571,1973,853,1120,2926,1391,1535,2514,1170,1344,191,70,121
2019,157,Fort Bend County,43,43 yrs,10663,5066,5597,2985,1464,1521,1967,829,1138,2950,1444,1506,2535,1212,1323,226,117,109
2019,157,Fort Bend County,44,44 yrs,11330,5346,5984,3337,1599,1738,2103,898,1205,3020,1508,1512,2624,1212,1412,246,129,117
2019,157,Fort Bend County,45,45 yrs,11086,5276,5810,3219,1618,1601,2241,949,1292,2732,1330,1402,2652,1259,1393,242,120,122
2019,157,Fort Bend County,46,46 yrs,11545,5508,6037,3426,1674,1752,2360,1009,1351,2837,1386,1451,2698,1337,1361,224,102,122
2019,157,Fort Bend County,47,47 yrs,11837,5550,6287,3793,1830,1963,2439,1043,1396,2795,1352,1443,2590,1211,1379,220,114,106
2019,157,Fort Bend County,48,48 yrs,12159,5842,6317,4106,2031,2075,2550,1103,1447,2740,1365,1375,2534,1216,1318,229,127,102
2019,157,Fort Bend County,49,49 yrs,11768,5544,6224,4144,2001,2143,2334,978,1356,2699,1331,1368,2373,1122,1251,218,112,106
2019,157,Fort Bend County,50,50 yrs,11076,5268,5808,3850,1848,2002,2249,986,1263,2456,1230,1226,2296,1092,1204,225,112,113
2019,157,Fort Bend County,51,51 yrs,10621,5106,5515,3809,1946,1863,2201,961,1240,2364,1145,1219,2074,985,1089,173,69,104
2019,157,Fort Bend County,52,52 yrs,10549,5146,5403,3879,1951,1928,2126,941,1185,2232,1113,1119,2130,1052,1078,182,89,93
2019,157,Fort Bend County,53,53 yrs,10572,5114,5458,3798,1873,1925,2145,956,1189,2297,1130,1167,2147,1065,1082,185,90,95
2019,157,Fort Bend County,54,54 yrs,10540,5094,5446,4081,2047,2034,2151,924,1227,2178,1074,1104,1919,948,971,211,101,110
2019,157,Fort Bend County,55,55 yrs,10575,4899,5676,4068,1904,2164,2171,889,1282,2090,991,1099,2047,1017,1030,199,98,101
2019,157,Fort Bend County,56,56 yrs,10732,5167,5565,4338,2188,2150,2131,925,1206,1997,953,1044,2063,996,1067,203,105,98
2019,157,Fort Bend County,57,57 yrs,10255,4886,5369,4410,2145,2265,2015,875,1140,1869,917,952,1744,849,895,217,100,117
2019,157,Fort Bend County,58,58 yrs,10451,4848,5603,4501,2133,2368,2110,934,1176,1767,838,929,1873,856,1017,200,87,113
2019,157,Fort Bend County,59,59 yrs,10800,5228,5572,4888,2442,2446,2114,958,1156,1756,882,874,1854,848,1006,188,98,90
2019,157,Fort Bend County,60,60 yrs,10591,5011,5580,5027,2441,2586,2002,863,1139,1659,817,842,1731,800,931,172,90,82
2019,157,Fort Bend County,61,61 yrs,10473,5028,5445,4983,2519,2464,2005,851,1154,1606,757,849,1710,808,902,169,93,76
2019,157,Fort Bend County,62,62 yrs,10169,4902,5267,4908,2486,2422,1909,821,1088,1508,716,792,1669,796,873,175,83,92
2019,157,Fort Bend County,63,63 yrs,9786,4811,4975,4504,2301,2203,1851,824,1027,1469,718,751,1768,865,903,194,103,91
2019,157,Fort Bend County,64,64 yrs,9298,4387,4911,4297,2102,2195,1865,812,1053,1332,598,734,1633,792,841,171,83,88
2019,157,Fort Bend County,65,65 yrs,8473,4047,4426,3952,1989,1963,1619,655,964,1228,539,689,1535,792,743,139,72,67
2019,157,Fort Bend County,66,66 yrs,8369,3979,4390,3867,1897,1970,1572,656,916,1152,533,619,1630,822,808,148,71,77
2019,157,Fort Bend County,67,67 yrs,7866,3692,4174,3742,1917,1825,1489,552,937,1111,516,595,1370,642,728,154,65,89
2019,157,Fort Bend County,68,68 yrs,7187,3413,3774,3325,1646,1679,1321,571,750,968,451,517,1443,686,757,130,59,71
2019,157,Fort Bend County,69,69 yrs,7021,3374,3647,3227,1612,1615,1299,564,735,982,456,526,1382,687,695,131,55,76
2019,157,Fort Bend County,70,70 yrs,6325,3015,3310,2940,1466,1474,1220,502,718,853,397,456,1186,582,604,126,68,58
2019,157,Fort Bend County,71,71 yrs,6112,2900,3212,3011,1498,1513,1060,456,604,838,352,486,1084,531,553,119,63,56
2019,157,Fort Bend County,72,72 yrs,5801,2777,3024,2994,1496,1498,910,367,543,772,344,428,1002,507,495,123,63,60
2019,157,Fort Bend County,73,73 yrs,4318,2058,2260,2002,986,1016,685,303,382,680,297,383,881,434,447,70,38,32
2019,157,Fort Bend County,74,74 yrs,4089,1898,2191,1996,955,1041,631,258,373,571,252,319,805,388,417,86,45,41
2019,157,Fort Bend County,75,75 yrs,3772,1759,2013,1915,952,963,584,216,368,513,208,305,699,351,348,61,32,29
2019,157,Fort Bend County,76,76 yrs,3410,1639,1771,1759,864,895,480,202,278,470,196,274,645,352,293,56,25,31
2019,157,Fort Bend County,77,77 yrs,2874,1363,1511,1455,700,755,396,161,235,388,186,202,573,290,283,62,26,36
2019,157,Fort Bend County,78,78 yrs,2673,1188,1485,1302,609,693,384,150,234,394,164,230,551,251,300,42,14,28
2019,157,Fort Bend County,79,79 yrs,2431,1133,1298,1207,571,636,314,127,187,353,151,202,508,261,247,49,23,26
2019,157,Fort Bend County,80,80 yrs,2153,961,1192,1111,513,598,293,118,175,294,106,188,426,213,213,29,11,18
2019,157,Fort Bend County,81,81 yrs,1946,838,1108,986,438,548,250,80,170,294,118,176,391,195,196,25,7,18
2019,157,Fort Bend County,82,82 yrs,1675,715,960,833,389,444,212,68,144,258,87,171,356,164,192,16,7,9
2019,157,Fort Bend County,83,83 yrs,1596,644,952,813,351,462,189,65,124,252,82,170,329,140,189,13,6,7
2019,157,Fort Bend County,84,84 yrs,1349,581,768,684,293,391,157,59,98,214,88,126,279,137,142,15,4,11
2019,157,Fort Bend County,85,85 yrs,1120,461,659,585,238,347,145,48,97,179,61,118,199,107,92,12,7,5
2019,157,Fort Bend County,86,86 yrs,1073,416,657,571,227,344,131,36,95,175,62,113,184,85,99,12,6,6
2019,157,Fort Bend County,87,87 yrs,896,356,540,494,197,297,87,26,61,166,58,108,142,71,71,7,4,3
2019,157,Fort Bend County,88,88 yrs,791,286,505,420,162,258,76,17,59,152,45,107,137,60,77,6,2,4
2019,157,Fort Bend County,89,89 yrs,709,249,460,380,129,251,67,20,47,146,53,93,112,45,67,4,2,2
2019,157,Fort Bend County,90,90 yrs,580,199,381,324,111,213,69,19,50,100,30,70,83,38,45,4,1,3
2019,157,Fort Bend County,91,91 yrs,467,164,303,257,97,160,53,10,43,80,26,54,72,29,43,5,2,3
2019,157,Fort Bend County,92,92 yrs,382,118,264,207,67,140,39,10,29,74,17,57,59,23,36,3,1,2
2019,157,Fort Bend County,93,93 yrs,298,89,209,179,56,123,29,5,24,51,15,36,37,12,25,2,1,1
2019,157,Fort Bend County,94,94 yrs,244,72,172,150,43,107,23,5,18,37,12,25,32,11,21,2,1,1
2019,157,Fort Bend County,95,95+ yrs,564,151,413,309,85,224,70,12,58,103,28,75,78,25,53,4,1,3
2020,157,Fort Bend County,-1,All Ages,840383,412670,427713,274177,137238,136939,161167,75245,85922,207700,102803,104897,174343,86024,88319,22996,11360,11636
2020,157,Fort Bend County,0,< 1 yr,11313,5763,5550,2592,1322,1270,2227,1135,1092,3790,1933,1857,2072,1052,1020,632,321,311
2020,157,Fort Bend County,1,1 yr,11217,5727,5490,2555,1303,1252,2182,1111,1071,3767,1921,1846,2107,1084,1023,606,308,298
2020,157,Fort Bend County,2,2 yrs,11195,5708,5487,2541,1298,1243,2156,1094,1062,3761,1917,1844,2151,1103,1048,586,296,290
2020,157,Fort Bend County,3,3 yrs,11188,5723,5465,2541,1299,1242,2127,1080,1047,3757,1916,1841,2195,1140,1055,568,288,280
2020,157,Fort Bend County,4,4 yrs,11189,5713,5476,2544,1302,1242,2098,1062,1036,3756,1915,1841,2240,1159,1081,551,275,276
2020,157,Fort Bend County,5,5 yrs,11199,5740,5459,2553,1308,1245,2068,1048,1020,3757,1915,1842,2286,1200,1086,535,269,266
2020,157,Fort Bend County,6,6 yrs,11123,5685,5438,2564,1312,1252,2037,1029,1008,3734,1906,1828,2271,1181,1090,517,257,260
2020,157,Fort Bend County,7,7 yrs,11054,5667,5387,2574,1320,1254,2006,1013,993,3708,1896,1812,2261,1186,1075,505,252,253
2020,157,Fort Bend County,8,8 yrs,11003,5628,5375,2596,1331,1265,1981,997,984,3680,1885,1795,2256,1173,1083,490,242,248
2020,157,Fort Bend County,9,9 yrs,10997,5639,5358,2631,1350,1281,1965,989,976,3656,1875,1781,2265,1187,1078,480,238,242
2020,157,Fort Bend County,10,10 yrs,11606,6027,5579,3068,1677,1391,1973,977,996,3678,1867,1811,2427,1275,1152,460,231,229
2020,157,Fort Bend County,11,11 yrs,12008,6125,5883,3352,1745,1607,2220,1092,1128,3629,1823,1806,2346,1215,1131,461,250,211
2020,157,Fort Bend County,12,12 yrs,12060,6183,5877,3331,1723,1608,2275,1139,1136,3542,1834,1708,2480,1276,1204,432,211,221
2020,157,Fort Bend County,13,13 yrs,12432,6286,6146,3502,1799,1703,2415,1183,1232,3630,1828,1802,2425,1253,1172,460,223,237
2020,157,Fort Bend County,14,14 yrs,12566,6544,6022,3775,2029,1746,2429,1257,1172,3546,1832,1714,2390,1223,1167,426,203,223
2020,157,Fort Bend County,15,15 yrs,12656,6413,6243,3801,1995,1806,2476,1183,1293,3622,1853,1769,2299,1154,1145,458,228,230
2020,157,Fort Bend County,16,16 yrs,13073,6601,6472,4049,2030,2019,2650,1315,1335,3506,1798,1708,2375,1207,1168,493,251,242
2020,157,Fort Bend County,17,17 yrs,12924,6548,6376,4018,1997,2021,2676,1407,1269,3482,1743,1739,2331,1207,1124,417,194,223
2020,157,Fort Bend County,18,18 yrs,11977,6306,5671,3814,2045,1769,2486,1298,1188,3274,1660,1614,1986,1076,910,417,227,190
2020,157,Fort Bend County,19,19 yrs,11327,5882,5445,3459,1827,1632,2520,1293,1227,2988,1523,1465,1923,1020,903,437,219,218
2020,157,Fort Bend County,20,20 yrs,11371,5968,5403,3667,2026,1641,2602,1356,1246,2962,1519,1443,1714,856,858,426,211,215
2020,157,Fort Bend County,21,21 yrs,11219,5698,5521,3393,1795,1598,2636,1351,1285,2991,1485,1506,1772,866,906,427,201,226
2020,157,Fort Bend County,22,22 yrs,11478,5825,5653,3396,1779,1617,2774,1369,1405,2902,1474,1428,1982,1003,979,424,200,224
2020,157,Fort Bend County,23,23 yrs,11741,6032,5709,3705,1955,1750,2762,1436,1326,2793,1400,1393,2107,1053,1054,374,188,186
2020,157,Fort Bend County,24,24 yrs,12023,6158,5865,3775,1982,1793,2832,1435,1397,2870,1429,1441,2165,1120,1045,381,192,189
2020,157,Fort Bend County,25,25 yrs,12105,6062,6043,3677,1906,1771,2839,1392,1447,2900,1454,1446,2291,1108,1183,398,202,196
2020,157,Fort Bend County,26,26 yrs,12629,6303,6326,3836,1953,1883,2871,1470,1401,3091,1490,1601,2448,1204,1244,383,186,197
2020,157,Fort Bend County,27,27 yrs,12998,6689,6309,3722,1983,1739,3024,1592,1432,3193,1561,1632,2664,1350,1314,395,203,192
2020,157,Fort Bend County,28,28 yrs,11994,6146,5848,3296,1743,1553,2736,1412,1324,3109,1566,1543,2515,1253,1262,338,172,166
2020,157,Fort Bend County,29,29 yrs,10679,5361,5318,2359,1226,1133,2389,1268,1121,3130,1560,1570,2541,1176,1365,260,131,129
2020,157,Fort Bend County,30,30 yrs,10449,5068,5381,2161,1120,1041,2163,1092,1071,3102,1508,1594,2793,1212,1581,230,136,94
2020,157,Fort Bend County,31,31 yrs,10192,5134,5058,2276,1177,1099,1981,1004,977,2986,1500,1486,2748,1346,1402,201,107,94
2020,157,Fort Bend County,32,32 yrs,10203,4972,5231,2424,1210,1214,1785,807,978,2894,1513,1381,2904,1342,1562,196,100,96
2020,157,Fort Bend County,33,33 yrs,10544,5303,5241,2614,1296,1318,1759,870,889,3037,1539,1498,2898,1485,1413,236,113,123
2020,157,Fort Bend County,34,34 yrs,10767,5338,5429,2653,1358,1295,1725,819,906,3096,1599,1497,3100,1466,1634,193,96,97
2020,157,Fort Bend County,35,35 yrs,11462,5666,5796,2913,1430,1483,1733,812,921,3129,1527,1602,3521,1808,1713,166,89,77
2020,157,Fort Bend County,36,36 yrs,10700,5110,5590,2638,1281,1357,1656,755,901,2960,1445,1515,3238,1535,1703,208,94,114
2020,157,Fort Bend County,37,37 yrs,11233,5453,5780,2965,1457,1508,1713,807,906,3256,1594,1662,3110,1508,1602,189,87,102
2020,157,Fort Bend County,38,38 yrs,11119,5507,5612,2949,1439,1510,1720,787,933,3179,1633,1546,3061,1556,1505,210,92,118
2020,157,Fort Bend County,39,39 yrs,11245,5458,5787,3077,1515,1562,1821,827,994,3249,1576,1673,2854,1433,1421,244,107,137
2020,157,Fort Bend County,40,40 yrs,11465,5487,5978,3137,1522,1615,2031,890,1141,3106,1544,1562,2978,1433,1545,213,98,115
2020,157,Fort Bend County,41,41 yrs,10865,5180,5685,3086,1506,1580,1878,789,1089,2975,1488,1487,2691,1296,1395,235,101,134
2020,157,Fort Bend County,42,42 yrs,10902,5264,5638,3104,1518,1586,1890,815,1075,3025,1531,1494,2643,1290,1353,240,110,130
2020,157,Fort Bend County,43,43 yrs,10899,5098,5801,3132,1526,1606,1999,865,1134,2974,1417,1557,2594,1216,1378,200,74,126
2020,157,Fort Bend County,44,44 yrs,10887,5182,5705,3047,1494,1553,1991,837,1154,3003,1474,1529,2613,1256,1357,233,121,112
2020,157,Fort Bend County,45,45 yrs,11595,5493,6102,3417,1643,1774,2136,914,1222,3076,1541,1535,2710,1261,1449,256,134,122
2020,157,Fort Bend County,46,46 yrs,11255,5351,5904,3277,1645,1632,2261,954,1307,2764,1346,1418,2701,1281,1420,252,125,127
2020,157,Fort Bend County,47,47 yrs,11744,5607,6137,3498,1711,1787,2393,1024,1369,2871,1404,1467,2750,1362,1388,232,106,126
2020,157,Fort Bend County,48,48 yrs,12026,5638,6388,3866,1865,2001,2462,1050,1412,2829,1370,1459,2640,1234,1406,229,119,110
2020,157,Fort Bend County,49,49 yrs,12342,5925,6417,4183,2067,2116,2572,1110,1462,2771,1380,1391,2579,1237,1342,237,131,106
2020,157,Fort Bend County,50,50 yrs,11958,5637,6321,4226,2042,2184,2355,985,1370,2731,1349,1382,2418,1143,1275,228,118,110
2020,157,Fort Bend County,51,51 yrs,11215,5328,5887,3917,1881,2036,2262,988,1274,2470,1236,1234,2334,1107,1227,232,116,116
2020,157,Fort Bend County,52,52 yrs,10749,5158,5591,3873,1978,1895,2214,964,1250,2375,1147,1228,2107,997,1110,180,72,108
2020,157,Fort Bend County,53,53 yrs,10676,5198,5478,3944,1984,1960,2137,942,1195,2241,1114,1127,2166,1066,1100,188,92,96
2020,157,Fort Bend County,54,54 yrs,10694,5162,5532,3855,1899,1956,2157,958,1199,2307,1132,1175,2182,1078,1104,193,95,98
2020,157,Fort Bend County,55,55 yrs,10708,5159,5549,4173,2087,2086,2169,926,1243,2192,1078,1114,1953,962,991,221,106,115
2020,157,Fort Bend County,56,56 yrs,10711,4950,5761,4136,1933,2203,2177,886,1291,2106,997,1109,2086,1032,1054,206,102,104
2020,157,Fort Bend County,57,57 yrs,10865,5219,5646,4407,2219,2188,2136,922,1214,2013,960,1053,2100,1009,1091,209,109,100
2020,157,Fort Bend County,58,58 yrs,10388,4937,5451,4481,2177,2304,2019,870,1149,1885,924,961,1779,862,917,224,104,120
2020,157,Fort Bend County,59,59 yrs,10571,4887,5684,4566,2159,2407,2115,931,1184,1779,842,937,1907,867,1040,204,88,116
2020,157,Fort Bend County,60,60 yrs,10933,5280,5653,4964,2477,2487,2117,954,1163,1767,886,881,1891,861,1030,194,102,92
2020,157,Fort Bend County,61,61 yrs,10734,5061,5673,5100,2471,2629,2003,857,1146,1675,818,857,1780,823,957,176,92,84
2020,157,Fort Bend County,62,62 yrs,10609,5076,5533,5054,2550,2504,2004,843,1161,1620,756,864,1758,832,926,173,95,78
2020,157,Fort Bend County,63,63 yrs,10297,4947,5350,4975,2515,2460,1904,812,1092,1523,716,807,1715,819,896,180,85,95
2020,157,Fort Bend County,64,64 yrs,9900,4851,5049,4559,2323,2236,1845,816,1029,1481,717,764,1816,889,927,199,106,93
2020,157,Fort Bend County,65,65 yrs,9394,4415,4979,4344,2119,2225,1857,802,1055,1338,593,745,1679,816,863,176,85,91
2020,157,Fort Bend County,66,66 yrs,8572,4085,4487,4001,2010,1991,1621,651,970,1240,542,698,1565,807,758,145,75,70
2020,157,Fort Bend County,67,67 yrs,8452,4008,4444,3909,1914,1995,1572,651,921,1161,534,627,1656,835,821,154,74,80
2020,157,Fort Bend County,68,68 yrs,7931,3710,4221,3779,1932,1847,1487,546,941,1119,516,603,1387,650,737,159,66,93
2020,157,Fort Bend County,69,69 yrs,7235,3422,3813,3352,1655,1697,1317,565,752,974,451,523,1458,691,767,134,60,74
2020,157,Fort Bend County,70,70 yrs,7056,3378,3678,3248,1618,1630,1293,557,736,986,455,531,1395,692,703,134,56,78
2020,157,Fort Bend County,71,71 yrs,6357,3018,3339,2955,1469,1486,1212,494,718,854,394,460,1207,592,615,129,69,60
2020,157,Fort Bend County,72,72 yrs,6129,2894,3235,3020,1497,1523,1051,447,604,839,350,489,1097,536,561,122,64,58
2020,157,Fort Bend County,73,73 yrs,5806,2766,3040,2999,1493,1506,899,358,541,772,341,431,1011,510,501,125,64,61
2020,157,Fort Bend County,74,74 yrs,4310,2042,2268,1999,980,1019,675,296,379,677,293,384,888,435,453,71,38,33
2020,157,Fort Bend County,75,75 yrs,4073,1880,2193,1989,947,1042,620,250,370,568,249,319,810,389,421,86,45,41
2020,157,Fort Bend County,76,76 yrs,3774,1753,2021,1919,951,968,577,211,366,506,204,302,711,356,355,61,31,30
2020,157,Fort Bend County,77,77 yrs,3398,1625,1773,1756,859,897,473,196,277,462,192,270,652,354,298,55,24,31
2020,157,Fort Bend County,78,78 yrs,2853,1346,1507,1447,693,754,389,156,233,379,181,198,575,290,285,63,26,37
2020,157,Fort Bend County,79,79 yrs,2646,1167,1479,1291,601,690,374,144,230,385,159,226,553,249,304,43,14,29
2020,157,Fort Bend County,80,80 yrs,2395,1108,1287,1191,560,631,307,122,185,343,146,197,507,258,249,47,22,25
2020,157,Fort Bend County,81,81 yrs,2104,933,1171,1078,494,584,280,111,169,292,103,189,425,214,211,29,11,18
2020,157,Fort Bend County,82,82 yrs,1891,807,1084,951,418,533,238,74,164,292,115,177,387,194,193,23,6,17
2020,157,Fort Bend County,83,83 yrs,1620,684,936,797,368,429,201,63,138,255,84,171,352,163,189,15,6,9
2020,157,Fort Bend County,84,84 yrs,1534,611,923,774,330,444,177,59,118,247,78,169,323,138,185,13,6,7
2020,157,Fort Bend County,85,85 yrs,1286,546,740,646,273,373,146,53,93,207,83,124,272,133,139,15,4,11
2020,157,Fort Bend County,86,86 yrs,1049,425,624,546,219,327,132,42,90,172,57,115,188,101,87,11,6,5
2020,157,Fort Bend County,87,87 yrs,994,379,615,528,207,321,118,31,87,166,57,109,172,79,93,10,5,5
2020,157,Fort Bend County,88,88 yrs,821,320,501,450,176,274,78,22,56,156,53,103,131,66,65,6,3,3
2020,157,Fort Bend County,89,89 yrs,719,256,463,379,144,235,66,14,52,142,41,101,126,55,71,6,2,4
2020,157,Fort Bend County,90,90 yrs,634,216,418,336,111,225,58,16,42,134,47,87,102,40,62,4,2,2
2020,157,Fort Bend County,91,91 yrs,510,171,339,282,94,188,60,16,44,89,26,63,75,34,41,4,1,3
2020,157,Fort Bend County,92,92 yrs,401,136,265,218,80,138,45,8,37,71,22,49,64,25,39,3,1,2
2020,157,Fort Bend County,93,93 yrs,323,96,227,172,54,118,32,8,24,65,14,51,51,19,32,3,1,2
2020,157,Fort Bend County,94,94 yrs,245,71,174,145,44,101,24,4,20,43,12,31,31,10,21,2,1,1
2020,157,Fort Bend County,95,95+ yrs,625,168,457,343,93,250,73,13,60,115,32,83,90,29,61,4,1,3
2021,157,Fort Bend County,-1,All Ages,871351,427919,443432,281060,140709,140351,165443,77193,88250,215890,106781,109109,184543,91155,93388,24415,12081,12334
2021,157,Fort Bend County,0,< 1 yr,11807,6028,5779,2694,1374,1320,2299,1174,1125,3932,2005,1927,2207,1130,1077,675,345,330
2021,157,Fort Bend County,1,1 yr,11704,5964,5740,2646,1350,1296,2256,1147,1109,3909,1993,1916,2246,1146,1100,647,328,319
2021,157,Fort Bend County,2,2 yrs,11670,5963,5707,2621,1338,1283,2232,1135,1097,3902,1989,1913,2290,1184,1106,625,317,308
2021,157,Fort Bend County,3,3 yrs,11649,5944,5705,2607,1333,1274,2206,1118,1088,3896,1985,1911,2336,1204,1132,604,304,300
2021,157,Fort Bend County,4,4 yrs,11647,5963,5684,2607,1334,1273,2178,1104,1074,3893,1985,1908,2384,1244,1140,585,296,289
2021,157,Fort Bend County,5,5 yrs,11649,5954,5695,2610,1337,1273,2148,1086,1062,3892,1984,1908,2431,1264,1167,568,283,285
2021,157,Fort Bend County,6,6 yrs,11559,5927,5632,2618,1342,1276,2116,1071,1045,3867,1974,1893,2408,1264,1144,550,276,274
2021,157,Fort Bend County,7,7 yrs,11482,5871,5611,2630,1347,1283,2085,1051,1034,3843,1965,1878,2391,1244,1147,533,264,269
2021,157,Fort Bend County,8,8 yrs,11407,5850,5557,2640,1355,1285,2051,1034,1017,3815,1954,1861,2382,1249,1133,519,258,261
2021,157,Fort Bend County,9,9 yrs,11358,5811,5547,2663,1366,1297,2026,1018,1008,3787,1943,1844,2378,1236,1142,504,248,256
2021,157,Fort Bend County,10,10 yrs,11348,5822,5526,2699,1386,1313,2010,1010,1000,3761,1932,1829,2385,1250,1135,493,244,249
2021,157,Fort Bend County,11,11 yrs,11931,6196,5735,3181,1741,1440,2029,1004,1025,3750,1901,1849,2497,1313,1184,474,237,237
2021,157,Fort Bend County,12,12 yrs,12346,6300,6046,3473,1811,1662,2281,1122,1159,3701,1857,1844,2415,1252,1163,476,258,218
2021,157,Fort Bend County,13,13 yrs,12395,6354,6041,3450,1787,1663,2337,1169,1168,3611,1867,1744,2552,1314,1238,445,217,228
2021,157,Fort Bend County,14,14 yrs,12777,6464,6313,3626,1866,1760,2481,1216,1265,3701,1862,1839,2494,1290,1204,475,230,245
2021,157,Fort Bend County,15,15 yrs,12877,6691,6186,3890,2087,1803,2485,1280,1205,3612,1862,1750,2453,1255,1198,437,207,230
2021,157,Fort Bend County,16,16 yrs,12982,6588,6394,3974,2095,1879,2537,1215,1322,3630,1857,1773,2371,1187,1184,470,234,236
2021,157,Fort Bend County,17,17 yrs,13259,6695,6564,4180,2101,2079,2673,1326,1347,3499,1795,1704,2415,1222,1193,492,251,241
2021,157,Fort Bend County,18,18 yrs,12430,6353,6077,3830,1944,1886,2565,1367,1198,3379,1696,1683,2237,1153,1084,419,193,226
2021,157,Fort Bend County,19,19 yrs,11239,5921,5318,3469,1854,1615,2386,1253,1133,3094,1574,1520,1870,1012,858,420,228,192
2021,157,Fort Bend County,20,20 yrs,11684,6079,5605,3594,1915,1679,2622,1347,1275,3031,1543,1488,1981,1049,932,456,225,231
2021,157,Fort Bend County,21,21 yrs,11746,6120,5626,3708,2039,1669,2697,1393,1304,3038,1544,1494,1857,921,936,446,223,223
2021,157,Fort Bend County,22,22 yrs,11722,5894,5828,3503,1839,1664,2745,1394,1351,3077,1508,1569,1947,937,1010,450,216,234
2021,157,Fort Bend County,23,23 yrs,12150,6133,6017,3620,1882,1738,2879,1415,1464,2991,1506,1485,2214,1120,1094,446,210,236
2021,157,Fort Bend County,24,24 yrs,12248,6272,5976,3847,2029,1818,2839,1470,1369,2887,1436,1451,2281,1140,1141,394,197,197
2021,157,Fort Bend County,25,25 yrs,12535,6392,6143,3917,2058,1859,2928,1477,1451,2947,1456,1491,2343,1198,1145,400,203,197
2021,157,Fort Bend County,26,26 yrs,12753,6374,6379,3819,1977,1842,2916,1428,1488,3059,1524,1535,2540,1232,1308,419,213,206
2021,157,Fort Bend County,27,27 yrs,13238,6576,6662,3936,2009,1927,2945,1504,1441,3253,1557,1696,2702,1309,1393,402,197,205
2021,157,Fort Bend County,28,28 yrs,13686,7029,6657,3855,2060,1795,3094,1631,1463,3362,1633,1729,2962,1491,1471,413,214,199
2021,157,Fort Bend County,29,29 yrs,12576,6399,6177,3361,1771,1590,2802,1442,1360,3262,1630,1632,2797,1375,1422,354,181,173
2021,157,Fort Bend County,30,30 yrs,11196,5560,5636,2415,1250,1165,2436,1288,1148,3288,1627,1661,2784,1257,1527,273,138,135
2021,157,Fort Bend County,31,31 yrs,11104,5407,5697,2233,1157,1076,2219,1115,1104,3262,1587,1675,3148,1404,1744,242,144,98
2021,157,Fort Bend County,32,32 yrs,10750,5421,5329,2340,1212,1128,2027,1028,999,3132,1573,1559,3042,1495,1547,209,113,96
2021,157,Fort Bend County,33,33 yrs,10783,5274,5509,2490,1244,1246,1829,826,1003,3029,1582,1447,3230,1518,1712,205,104,101
2021,157,Fort Bend County,34,34 yrs,11101,5601,5500,2681,1328,1353,1797,889,908,3178,1612,1566,3199,1652,1547,246,120,126
2021,157,Fort Bend County,35,35 yrs,11340,5622,5718,2717,1389,1328,1757,829,928,3243,1674,1569,3423,1631,1792,200,99,101
2021,157,Fort Bend County,36,36 yrs,11901,5909,5992,2985,1466,1519,1768,829,939,3232,1579,1653,3739,1939,1800,177,96,81
2021,157,Fort Bend County,37,37 yrs,11107,5322,5785,2703,1313,1390,1687,769,918,3062,1497,1565,3439,1646,1793,216,97,119
2021,157,Fort Bend County,38,38 yrs,11640,5666,5974,3036,1494,1542,1742,819,923,3361,1647,1714,3304,1615,1689,197,91,106
2021,157,Fort Bend County,39,39 yrs,11523,5730,5793,3019,1475,1544,1750,801,949,3285,1692,1593,3251,1665,1586,218,97,121
2021,157,Fort Bend County,40,40 yrs,11657,5676,5981,3155,1554,1601,1856,842,1014,3359,1631,1728,3033,1536,1497,254,113,141
2021,157,Fort Bend County,41,41 yrs,11726,5626,6100,3209,1557,1652,2062,902,1160,3160,1576,1584,3074,1489,1585,221,102,119
2021,157,Fort Bend County,42,42 yrs,11108,5308,5800,3157,1542,1615,1902,797,1105,3027,1518,1509,2777,1345,1432,245,106,139
2021,157,Fort Bend County,43,43 yrs,11141,5394,5747,3173,1552,1621,1913,825,1088,3075,1560,1515,2729,1341,1388,251,116,135
2021,157,Fort Bend County,44,44 yrs,11131,5216,5915,3199,1559,1640,2025,874,1151,3027,1447,1580,2674,1260,1414,206,76,130
2021,157,Fort Bend County,45,45 yrs,11147,5330,5817,3123,1537,1586,2024,853,1171,3058,1506,1552,2700,1307,1393,242,127,115
2021,157,Fort Bend County,46,46 yrs,11770,5571,6199,3479,1671,1808,2156,919,1237,3110,1559,1551,2759,1283,1476,266,139,127
2021,157,Fort Bend County,47,47 yrs,11448,5447,6001,3346,1681,1665,2292,968,1324,2797,1363,1434,2754,1306,1448,259,129,130
2021,157,Fort Bend County,48,48 yrs,11927,5694,6233,3565,1743,1822,2414,1031,1383,2905,1422,1483,2802,1387,1415,241,111,130
2021,157,Fort Bend County,49,49 yrs,12209,5719,6490,3940,1898,2042,2483,1057,1426,2861,1385,1476,2689,1256,1433,236,123,113
2021,157,Fort Bend County,50,50 yrs,12542,6025,6517,4266,2109,2157,2596,1118,1478,2804,1399,1405,2629,1261,1368,247,138,109
2021,157,Fort Bend County,51,51 yrs,12109,5699,6410,4300,2078,2222,2370,986,1384,2745,1354,1391,2458,1158,1300,236,123,113
2021,157,Fort Bend County,52,52 yrs,11349,5380,5969,3984,1912,2072,2276,990,1286,2479,1237,1242,2371,1121,1250,239,120,119
2021,157,Fort Bend County,53,53 yrs,10872,5206,5666,3937,2010,1927,2225,964,1261,2383,1147,1236,2142,1011,1131,185,74,111
2021,157,Fort Bend County,54,54 yrs,10798,5248,5550,4004,2012,1992,2148,943,1205,2249,1116,1133,2201,1080,1121,196,97,99
2021,157,Fort Bend County,55,55 yrs,10865,5229,5636,3944,1937,2007,2175,961,1214,2321,1136,1185,2221,1094,1127,204,101,103
2021,157,Fort Bend County,56,56 yrs,10845,5214,5631,4242,2119,2123,2176,924,1252,2209,1085,1124,1991,977,1014,227,109,118
2021,157,Fort Bend County,57,57 yrs,10845,5000,5845,4200,1959,2241,2183,884,1299,2124,1005,1119,2126,1047,1079,212,105,107
2021,157,Fort Bend County,58,58 yrs,11000,5272,5728,4476,2251,2225,2139,917,1222,2030,968,1062,2141,1024,1117,214,112,102
2021,157,Fort Bend County,59,59 yrs,10508,4981,5527,4547,2205,2342,2022,866,1156,1897,929,968,1812,874,938,230,107,123
2021,157,Fort Bend County,60,60 yrs,10701,4936,5765,4637,2190,2447,2118,927,1191,1791,847,944,1944,880,1064,211,92,119
2021,157,Fort Bend County,61,61 yrs,11079,5332,5747,5035,2508,2527,2118,947,1171,1783,886,897,1944,886,1058,199,105,94
2021,157,Fort Bend County,62,62 yrs,10876,5109,5767,5174,2502,2672,2001,849,1152,1688,816,872,1831,847,984,182,95,87
2021,157,Fort Bend County,63,63 yrs,10740,5121,5619,5123,2579,2544,2000,834,1166,1634,755,879,1806,856,950,177,97,80
2021,157,Fort Bend County,64,64 yrs,10414,4987,5427,5035,2539,2496,1899,804,1095,1535,715,820,1761,842,919,184,87,97
2021,157,Fort Bend County,65,65 yrs,10007,4885,5122,4611,2343,2268,1836,805,1031,1487,712,775,1867,915,952,206,110,96
2021,157,Fort Bend County,66,66 yrs,9500,4453,5047,4398,2142,2256,1858,796,1062,1350,596,754,1713,832,881,181,87,94
2021,157,Fort Bend County,67,67 yrs,8659,4115,4544,4045,2028,2017,1621,646,975,1252,544,708,1591,820,771,150,77,73
2021,157,Fort Bend County,68,68 yrs,8525,4030,4495,3947,1928,2019,1571,646,925,1170,535,635,1677,845,832,160,76,84
2021,157,Fort Bend County,69,69 yrs,7984,3722,4262,3810,1943,1867,1484,540,944,1125,516,609,1402,656,746,163,67,96
2021,157,Fort Bend County,70,70 yrs,7273,3426,3847,3375,1661,1714,1311,558,753,978,450,528,1472,696,776,137,61,76
2021,157,Fort Bend County,71,71 yrs,7092,3382,3710,3263,1620,1643,1285,549,736,988,453,535,1418,703,715,138,57,81
2021,157,Fort Bend County,72,72 yrs,6374,3013,3361,2963,1468,1495,1202,485,717,855,392,463,1222,598,624,132,70,62
2021,157,Fort Bend County,73,73 yrs,6128,2880,3248,3023,1493,1530,1036,436,600,838,347,491,1107,539,568,124,65,59
2021,157,Fort Bend County,74,74 yrs,5797,2745,3052,2996,1485,1511,887,349,538,768,336,432,1019,511,508,127,64,63
2021,157,Fort Bend County,75,75 yrs,4292,2022,2270,1992,972,1020,664,288,376,674,289,385,891,435,456,71,38,33
2021,157,Fort Bend County,76,76 yrs,4075,1872,2203,1992,945,1047,614,245,369,559,244,315,823,393,430,87,45,42
2021,157,Fort Bend County,77,77 yrs,3763,1739,2024,1916,946,970,569,205,364,499,200,299,718,357,361,61,31,30
2021,157,Fort Bend County,78,78 yrs,3374,1604,1770,1746,850,896,465,190,275,452,186,266,655,354,301,56,24,32
2021,157,Fort Bend County,79,79 yrs,2821,1321,1500,1434,684,750,380,150,230,369,175,194,576,287,289,62,25,37
2021,157,Fort Bend County,80,80 yrs,2606,1139,1467,1273,589,684,365,138,227,374,153,221,552,246,306,42,13,29
2021,157,Fort Bend County,81,81 yrs,2342,1076,1266,1155,538,617,293,114,179,341,143,198,506,259,247,47,22,25
2021,157,Fort Bend County,82,82 yrs,2040,896,1144,1039,472,567,266,103,163,288,99,189,420,212,208,27,10,17
2021,157,Fort Bend County,83,83 yrs,1828,773,1055,911,396,515,225,68,157,287,111,176,382,192,190,23,6,17
2021,157,Fort Bend County,84,84 yrs,1556,649,907,757,346,411,188,57,131,250,80,170,346,160,186,15,6,9
2021,157,Fort Bend County,85,85 yrs,1463,575,888,731,308,423,165,53,112,240,74,166,314,134,180,13,6,7
2021,157,Fort Bend County,86,86 yrs,1205,505,700,603,251,352,133,48,85,199,78,121,257,125,132,13,3,10
2021,157,Fort Bend County,87,87 yrs,974,389,585,505,200,305,119,37,82,164,53,111,176,94,82,10,5,5
2021,157,Fort Bend County,88,88 yrs,913,343,570,483,186,297,106,27,79,157,53,104,159,73,86,8,4,4
2021,157,Fort Bend County,89,89 yrs,742,284,458,404,155,249,69,20,49,144,47,97,120,60,60,5,2,3
2021,157,Fort Bend County,90,90 yrs,643,224,419,335,124,211,59,12,47,131,37,94,113,49,64,5,2,3
2021,157,Fort Bend County,91,91 yrs,558,186,372,293,94,199,49,13,36,121,42,79,92,36,56,3,1,2
2021,157,Fort Bend County,92,92 yrs,440,144,296,241,78,163,51,13,38,79,22,57,66,30,36,3,1,2
2021,157,Fort Bend County,93,93 yrs,337,111,226,181,64,117,38,7,31,61,18,43,54,21,33,3,1,2
2021,157,Fort Bend County,94,94 yrs,264,76,188,139,42,97,26,6,20,55,11,44,42,16,26,2,1,1
2021,157,Fort Bend County,95,95+ yrs,670,181,489,362,99,263,75,13,62,131,36,95,99,32,67,3,1,2
2022,157,Fort Bend County,-1,All Ages,903484,443730,459754,288107,144277,143830,169794,79163,90631,224343,110874,113469,195310,96574,98736,25930,12842,13088
2022,157,Fort Bend County,0,< 1 yr,12316,6272,6044,2805,1430,1375,2366,1205,1161,4079,2080,1999,2346,1192,1154,720,365,355
2022,157,Fort Bend County,1,1 yr,12213,6236,5977,2748,1402,1346,2330,1187,1143,4056,2067,1989,2389,1229,1160,690,351,339
2022,157,Fort Bend County,2,2 yrs,12175,6210,5965,2714,1386,1328,2309,1172,1137,4048,2064,1984,2438,1251,1187,666,337,329
2022,157,Fort Bend County,3,3 yrs,12148,6213,5935,2689,1374,1315,2286,1161,1125,4042,2060,1982,2487,1292,1195,644,326,318
2022,157,Fort Bend County,4,4 yrs,12130,6195,5935,2675,1369,1306,2260,1144,1116,4036,2057,1979,2537,1314,1223,622,311,311
2022,157,Fort Bend County,5,5 yrs,12125,6214,5911,2675,1370,1305,2229,1129,1100,4032,2056,1976,2587,1356,1231,602,303,299
2022,157,Fort Bend County,6,6 yrs,12024,6148,5876,2677,1372,1305,2197,1109,1088,4005,2045,1960,2561,1332,1229,584,290,294
2022,157,Fort Bend County,7,7 yrs,11930,6118,5812,2685,1377,1308,2166,1094,1072,3979,2034,1945,2536,1331,1205,564,282,282
2022,157,Fort Bend County,8,8 yrs,11851,6063,5788,2697,1382,1315,2133,1074,1059,3955,2026,1929,2518,1310,1208,548,271,277
2022,157,Fort Bend County,9,9 yrs,11777,6042,5735,2708,1391,1317,2099,1057,1042,3926,2014,1912,2509,1315,1194,535,265,270
2022,157,Fort Bend County,10,10 yrs,11722,6000,5722,2731,1402,1329,2072,1039,1033,3897,2003,1894,2504,1302,1202,518,254,264
2022,157,Fort Bend County,11,11 yrs,11663,5983,5680,2800,1440,1360,2065,1037,1028,3836,1968,1868,2454,1287,1167,508,251,257
2022,157,Fort Bend County,12,12 yrs,12263,6370,5893,3296,1806,1490,2085,1031,1054,3823,1936,1887,2569,1352,1217,490,245,245
2022,157,Fort Bend County,13,13 yrs,12686,6475,6211,3595,1878,1717,2344,1152,1192,3772,1890,1882,2484,1289,1195,491,266,225
2022,157,Fort Bend County,14,14 yrs,12738,6532,6206,3573,1854,1719,2400,1200,1200,3681,1901,1780,2625,1353,1272,459,224,235
2022,157,Fort Bend County,15,15 yrs,13093,6611,6482,3738,1921,1817,2541,1240,1301,3770,1893,1877,2558,1323,1235,486,234,252
2022,157,Fort Bend County,16,16 yrs,13210,6874,6336,4067,2191,1876,2548,1314,1234,3618,1865,1753,2528,1291,1237,449,213,236
2022,157,Fort Bend County,17,17 yrs,13163,6678,6485,4101,2166,1935,2560,1225,1335,3621,1852,1769,2412,1202,1210,469,233,236
2022,157,Fort Bend County,18,18 yrs,12759,6499,6260,3984,2044,1940,2563,1290,1273,3396,1746,1650,2323,1170,1153,493,249,244
2022,157,Fort Bend County,19,19 yrs,11682,5973,5709,3486,1763,1723,2460,1319,1141,3195,1608,1587,2118,1089,1029,423,194,229
2022,157,Fort Bend County,20,20 yrs,11590,6119,5471,3603,1942,1661,2483,1306,1177,3137,1593,1544,1929,1043,886,438,235,203
2022,157,Fort Bend County,21,21 yrs,12082,6244,5838,3635,1928,1707,2720,1384,1336,3108,1568,1540,2141,1126,1015,478,238,240
2022,157,Fort Bend County,22,22 yrs,12259,6326,5933,3826,2088,1738,2804,1436,1368,3122,1567,1555,2037,996,1041,470,239,231
2022,157,Fort Bend County,23,23 yrs,12401,6197,6204,3737,1948,1789,2849,1440,1409,3169,1539,1630,2173,1044,1129,473,226,247
2022,157,Fort Bend County,24,24 yrs,12681,6383,6298,3762,1956,1806,2961,1449,1512,3090,1544,1546,2398,1214,1184,470,220,250
2022,157,Fort Bend County,25,25 yrs,12773,6510,6263,3994,2108,1886,2935,1513,1422,2964,1463,1501,2466,1218,1248,414,208,206
2022,157,Fort Bend County,26,26 yrs,13205,6721,6484,4070,2136,1934,3009,1516,1493,3110,1526,1584,2594,1329,1265,422,214,208
2022,157,Fort Bend County,27,27 yrs,13370,6650,6720,3919,2034,1885,2991,1460,1531,3218,1593,1625,2804,1339,1465,438,224,214
2022,157,Fort Bend County,28,28 yrs,13931,6904,7027,4077,2087,1990,3011,1540,1471,3424,1628,1796,3000,1443,1557,419,206,213
2022,157,Fort Bend County,29,29 yrs,14336,7311,7025,3930,2093,1837,3167,1665,1502,3528,1700,1828,3279,1629,1650,432,224,208
2022,157,Fort Bend County,30,30 yrs,13147,6632,6515,3442,1809,1633,2858,1464,1394,3424,1698,1726,3052,1470,1582,371,191,180
2022,157,Fort Bend County,31,31 yrs,11880,5922,5958,2495,1292,1203,2498,1315,1183,3455,1711,1744,3144,1458,1686,288,146,142
2022,157,Fort Bend County,32,32 yrs,11711,5704,6007,2295,1191,1104,2269,1141,1128,3419,1662,1757,3477,1559,1918,251,151,100
2022,157,Fort Bend County,33,33 yrs,11357,5742,5615,2404,1246,1158,2075,1051,1024,3277,1643,1634,3382,1684,1698,219,118,101
2022,157,Fort Bend County,34,34 yrs,11368,5576,5792,2555,1275,1280,1869,844,1025,3168,1656,1512,3562,1690,1872,214,111,103
2022,157,Fort Bend County,35,35 yrs,11690,5905,5785,2745,1358,1387,1829,900,929,3327,1687,1640,3534,1837,1697,255,123,132
2022,157,Fort Bend County,36,36 yrs,11774,5857,5917,2785,1425,1360,1793,846,947,3350,1732,1618,3635,1749,1886,211,105,106
2022,157,Fort Bend County,37,37 yrs,12355,6157,6198,3057,1502,1555,1800,843,957,3341,1635,1706,3974,2078,1896,183,99,84
2022,157,Fort Bend County,38,38 yrs,11523,5540,5983,2769,1348,1421,1716,781,935,3162,1547,1615,3651,1762,1889,225,102,123
2022,157,Fort Bend County,39,39 yrs,12065,5894,6171,3108,1531,1577,1771,833,938,3472,1706,1766,3508,1728,1780,206,96,110
2022,157,Fort Bend County,40,40 yrs,11953,5963,5990,3092,1511,1581,1783,815,968,3397,1751,1646,3455,1785,1670,226,101,125
2022,157,Fort Bend County,41,41 yrs,11921,5818,6103,3227,1589,1638,1884,853,1031,3416,1664,1752,3131,1595,1536,263,117,146
2022,157,Fort Bend County,42,42 yrs,11989,5766,6223,3283,1594,1689,2088,911,1177,3215,1608,1607,3172,1546,1626,231,107,124
2022,157,Fort Bend County,43,43 yrs,11353,5440,5913,3227,1576,1651,1927,808,1119,3076,1546,1530,2867,1398,1469,256,112,144
2022,157,Fort Bend County,44,44 yrs,11377,5518,5859,3239,1584,1655,1937,833,1104,3130,1592,1538,2813,1390,1423,258,119,139
2022,157,Fort Bend County,45,45 yrs,11393,5362,6031,3277,1603,1674,2058,890,1168,3083,1479,1604,2761,1310,1451,214,80,134
2022,157,Fort Bend County,46,46 yrs,11317,5406,5911,3181,1563,1618,2042,857,1185,3092,1523,1569,2751,1331,1420,251,132,119
2022,157,Fort Bend County,47,47 yrs,11971,5670,6301,3552,1708,1844,2185,932,1253,3147,1578,1569,2813,1308,1505,274,144,130
2022,157,Fort Bend County,48,48 yrs,11628,5531,6097,3410,1712,1698,2312,974,1338,2830,1380,1450,2806,1330,1476,270,135,135
2022,157,Fort Bend County,49,49 yrs,12105,5774,6331,3632,1773,1859,2434,1037,1397,2937,1438,1499,2853,1412,1441,249,114,135
2022,157,Fort Bend County,50,50 yrs,12406,5815,6591,4017,1936,2081,2506,1065,1441,2895,1404,1491,2741,1280,1461,247,130,117
2022,157,Fort Bend County,51,51 yrs,12702,6094,6608,4342,2147,2195,2612,1120,1492,2819,1405,1414,2673,1278,1395,256,144,112
2022,157,Fort Bend County,52,52 yrs,12254,5757,6497,4374,2113,2261,2384,988,1396,2756,1356,1400,2497,1172,1325,243,128,115
2022,157,Fort Bend County,53,53 yrs,11484,5434,6050,4049,1943,2106,2289,992,1297,2489,1239,1250,2411,1136,1275,246,124,122
2022,157,Fort Bend County,54,54 yrs,10996,5256,5740,3998,2039,1959,2237,966,1271,2392,1149,1243,2177,1024,1153,192,78,114
2022,157,Fort Bend County,55,55 yrs,10975,5317,5658,4097,2052,2045,2168,947,1221,2262,1119,1143,2241,1096,1145,207,103,104
2022,157,Fort Bend County,56,56 yrs,11003,5282,5721,4009,1966,2043,2181,958,1223,2340,1144,1196,2263,1110,1153,210,104,106
2022,157,Fort Bend County,57,57 yrs,10979,5267,5712,4308,2148,2160,2181,921,1260,2227,1093,1134,2028,991,1037,235,114,121
2022,157,Fort Bend County,58,58 yrs,10978,5049,5929,4267,1988,2279,2186,878,1308,2140,1012,1128,2166,1062,1104,219,109,110
2022,157,Fort Bend County,59,59 yrs,11126,5317,5809,4541,2279,2262,2143,913,1230,2042,972,1070,2179,1037,1142,221,116,105
2022,157,Fort Bend County,60,60 yrs,10634,5030,5604,4618,2237,2381,2024,862,1162,1909,934,975,1846,886,960,237,111,126
2022,157,Fort Bend County,61,61 yrs,10844,4983,5861,4705,2218,2487,2117,919,1198,1808,847,961,1998,905,1093,216,94,122
2022,157,Fort Bend County,62,62 yrs,11223,5382,5841,5106,2538,2568,2115,938,1177,1799,886,913,1998,912,1086,205,108,97
2022,157,Fort Bend County,63,63 yrs,11012,5154,5858,5245,2530,2715,1996,839,1157,1703,816,887,1881,871,1010,187,98,89
2022,157,Fort Bend County,64,64 yrs,10862,5162,5700,5186,2604,2582,1993,825,1168,1647,754,893,1855,879,976,181,100,81
2022,157,Fort Bend County,65,65 yrs,10525,5022,5503,5093,2562,2531,1890,793,1097,1542,710,832,1811,868,943,189,89,100
2022,157,Fort Bend County,66,66 yrs,10124,4928,5196,4669,2368,2301,1837,799,1038,1502,716,786,1903,932,971,213,113,100
2022,157,Fort Bend County,67,67 yrs,9594,4484,5110,4448,2163,2285,1856,789,1067,1362,598,764,1741,845,896,187,89,98
2022,157,Fort Bend County,68,68 yrs,8733,4139,4594,4086,2045,2041,1619,640,979,1262,545,717,1611,830,781,155,79,76
2022,157,Fort Bend County,69,69 yrs,8583,4043,4540,3980,1940,2040,1566,638,928,1177,535,642,1695,852,843,165,78,87
2022,157,Fort Bend County,70,70 yrs,8031,3729,4302,3837,1951,1886,1479,533,946,1131,515,616,1416,661,755,168,69,99
2022,157,Fort Bend County,71,71 yrs,7313,3432,3881,3392,1664,1728,1302,549,753,980,448,532,1497,708,789,142,63,79
2022,157,Fort Bend County,72,72 yrs,7112,3376,3736,3273,1619,1654,1273,538,735,988,450,538,1436,710,726,142,59,83
2022,157,Fort Bend County,73,73 yrs,6374,2999,3375,2968,1466,1502,1186,473,713,853,388,465,1233,601,632,134,71,63
2022,157,Fort Bend County,74,74 yrs,6122,2859,3263,3021,1486,1535,1022,425,597,836,342,494,1116,540,576,127,66,61
2022,157,Fort Bend County,75,75 yrs,5773,2717,3056,2986,1473,1513,873,339,534,764,331,433,1022,510,512,128,64,64
2022,157,Fort Bend County,76,76 yrs,4296,2016,2280,1995,971,1024,658,282,376,663,283,380,907,441,466,73,39,34
2022,157,Fort Bend County,77,77 yrs,4064,1858,2206,1989,940,1049,605,238,367,549,239,310,833,396,437,88,45,43
2022,157,Fort Bend County,78,78 yrs,3736,1717,2019,1906,937,969,560,199,361,488,194,294,721,357,364,61,30,31
2022,157,Fort Bend County,79,79 yrs,3336,1576,1760,1731,839,892,453,183,270,441,180,261,656,351,305,55,23,32
2022,157,Fort Bend County,80,80 yrs,2781,1293,1488,1415,671,744,370,144,226,357,168,189,577,286,291,62,24,38
2022,157,Fort Bend County,81,81 yrs,2549,1107,1442,1236,568,668,349,129,220,371,149,222,552,248,304,41,13,28
2022,157,Fort Bend County,82,82 yrs,2275,1036,1239,1114,514,600,278,106,172,337,138,199,501,257,244,45,21,24
2022,157,Fort Bend County,83,83 yrs,1974,858,1116,996,448,548,251,95,156,284,95,189,416,210,206,27,10,17
2022,157,Fort Bend County,84,84 yrs,1757,735,1022,866,372,494,212,62,150,280,105,175,377,190,187,22,6,16
2022,157,Fort Bend County,85,85 yrs,1484,613,871,715,323,392,175,51,124,243,77,166,337,156,181,14,6,8
2022,157,Fort Bend County,86,86 yrs,1374,533,841,685,285,400,150,47,103,230,69,161,298,127,171,11,5,6
2022,157,Fort Bend County,87,87 yrs,1119,462,657,558,229,329,120,42,78,189,72,117,240,116,124,12,3,9
2022,157,Fort Bend County,88,88 yrs,892,349,543,461,179,282,106,31,75,154,48,106,163,87,76,8,4,4
2022,157,Fort Bend County,89,89 yrs,824,303,521,434,164,270,93,23,70,145,47,98,145,66,79,7,3,4
2022,157,Fort Bend County,90,90 yrs,663,248,415,357,134,223,61,17,44,133,42,91,107,53,54,5,2,3
2022,157,Fort Bend County,91,91 yrs,565,192,373,291,105,186,51,10,41,117,32,85,102,44,58,4,1,3
2022,157,Fort Bend County,92,92 yrs,486,158,328,251,79,172,43,11,32,108,36,72,81,31,50,3,1,2
2022,157,Fort Bend County,93,93 yrs,372,118,254,200,63,137,43,11,32,69,18,51,57,25,32,3,1,2
2022,157,Fort Bend County,94,94 yrs,277,88,189,146,50,96,31,5,26,53,15,38,45,17,28,2,1,1
2022,157,Fort Bend County,95,95+ yrs,725,195,530,374,103,271,79,14,65,152,37,115,115,39,76,5,2,3
2023,157,Fort Bend County,-1,All Ages,936811,460157,476654,295313,147910,147403,174225,81187,93038,233062,115090,117972,206668,102313,104355,27543,13657,13886
2023,157,Fort Bend County,0,< 1 yr,12840,6554,6286,2926,1492,1434,2430,1240,1190,4226,2155,2071,2489,1274,1215,769,393,376
2023,157,Fort Bend County,1,1 yr,12739,6491,6248,2862,1460,1402,2396,1218,1178,4206,2144,2062,2539,1297,1242,736,372,364
2023,157,Fort Bend County,2,2 yrs,12707,6495,6212,2819,1440,1379,2384,1213,1171,4201,2141,2060,2593,1341,1252,710,360,350
2023,157,Fort Bend County,3,3 yrs,12670,6467,6203,2783,1422,1361,2363,1198,1165,4192,2137,2055,2647,1365,1282,685,345,340
2023,157,Fort Bend County,4,4 yrs,12647,6474,6173,2758,1410,1348,2339,1186,1153,4186,2134,2052,2700,1409,1291,664,335,329
2023,157,Fort Bend County,5,5 yrs,12630,6457,6173,2743,1405,1338,2312,1169,1143,4180,2130,2050,2754,1433,1321,641,320,321
2023,157,Fort Bend County,6,6 yrs,12515,6416,6099,2743,1406,1337,2280,1153,1127,4149,2119,2030,2725,1428,1297,618,310,308
2023,157,Fort Bend County,7,7 yrs,12411,6346,6065,2746,1408,1338,2247,1132,1115,4119,2106,2013,2698,1403,1295,601,297,304
2023,157,Fort Bend County,8,8 yrs,12315,6316,5999,2755,1413,1342,2215,1117,1098,4093,2096,1997,2671,1401,1270,581,289,292
2023,157,Fort Bend County,9,9 yrs,12234,6261,5973,2767,1419,1348,2182,1097,1085,4070,2088,1982,2652,1379,1273,563,278,285
2023,157,Fort Bend County,10,10 yrs,12154,6237,5917,2777,1427,1350,2146,1079,1067,4039,2075,1964,2642,1384,1258,550,272,278
2023,157,Fort Bend County,11,11 yrs,12045,6166,5879,2833,1457,1376,2128,1067,1061,3974,2040,1934,2576,1341,1235,534,261,273
2023,157,Fort Bend County,12,12 yrs,11978,6145,5833,2903,1495,1408,2119,1064,1055,3909,2003,1906,2523,1324,1199,524,259,265
2023,157,Fort Bend County,13,13 yrs,12602,6548,6054,3414,1874,1540,2143,1059,1084,3896,1970,1926,2643,1392,1251,506,253,253
2023,157,Fort Bend County,14,14 yrs,13032,6653,6379,3722,1947,1775,2406,1182,1224,3844,1923,1921,2554,1327,1227,506,274,232
2023,157,Fort Bend County,15,15 yrs,13052,6678,6374,3681,1907,1774,2458,1223,1235,3748,1931,1817,2693,1388,1305,472,229,243
2023,157,Fort Bend County,16,16 yrs,13420,6788,6632,3908,2017,1891,2603,1273,1330,3776,1896,1880,2636,1362,1274,497,240,257
2023,157,Fort Bend County,17,17 yrs,13399,6974,6425,4197,2266,1931,2570,1325,1245,3609,1860,1749,2573,1309,1264,450,214,236
2023,157,Fort Bend County,18,18 yrs,12677,6486,6191,3910,2105,1805,2456,1193,1263,3518,1804,1714,2322,1153,1169,471,231,240
2023,157,Fort Bend County,19,19 yrs,12004,6115,5889,3626,1854,1772,2459,1244,1215,3214,1658,1556,2206,1108,1098,499,251,248
2023,157,Fort Bend County,20,20 yrs,12045,6171,5874,3620,1848,1772,2560,1374,1186,3237,1626,1611,2186,1123,1063,442,200,242
2023,157,Fort Bend County,21,21 yrs,11978,6284,5694,3644,1955,1689,2573,1341,1232,3218,1619,1599,2084,1120,964,459,249,210
2023,157,Fort Bend County,22,22 yrs,12619,6461,6158,3752,1974,1778,2832,1428,1404,3193,1590,1603,2338,1214,1124,504,255,249
2023,157,Fort Bend County,23,23 yrs,12961,6648,6313,4080,2210,1870,2909,1484,1425,3212,1598,1614,2266,1106,1160,494,250,244
2023,157,Fort Bend County,24,24 yrs,12940,6445,6495,3884,2025,1859,2929,1474,1455,3275,1578,1697,2354,1131,1223,498,237,261
2023,157,Fort Bend County,25,25 yrs,13227,6626,6601,3909,2033,1876,3059,1490,1569,3172,1572,1600,2594,1299,1295,493,232,261
2023,157,Fort Bend County,26,26 yrs,13455,6844,6611,4150,2189,1961,3014,1553,1461,3126,1533,1593,2730,1350,1380,435,219,216
2023,157,Fort Bend County,27,27 yrs,13833,7011,6822,4177,2198,1979,3086,1550,1536,3271,1594,1677,2859,1444,1415,440,225,215
2023,157,Fort Bend County,28,28 yrs,14077,6989,7088,4061,2115,1946,3058,1495,1563,3386,1666,1720,3114,1477,1637,458,236,222
2023,157,Fort Bend County,29,29 yrs,14586,7177,7409,4157,2121,2036,3082,1571,1511,3593,1695,1898,3316,1574,1742,438,216,222
2023,157,Fort Bend County,30,30 yrs,14983,7580,7403,4025,2140,1885,3230,1692,1538,3703,1771,1932,3572,1741,1831,453,236,217
2023,157,Fort Bend County,31,31 yrs,13895,7034,6861,3551,1866,1685,2929,1495,1434,3596,1784,1812,3428,1687,1741,391,202,189
2023,157,Fort Bend County,32,32 yrs,12514,6238,6276,2563,1329,1234,2554,1345,1209,3623,1793,1830,3473,1617,1856,301,154,147
2023,157,Fort Bend County,33,33 yrs,12377,6041,6336,2357,1224,1133,2324,1167,1157,3577,1736,1841,3854,1755,2099,265,159,106
2023,157,Fort Bend County,34,34 yrs,11965,6063,5902,2465,1276,1189,2119,1073,1046,3427,1720,1707,3726,1869,1857,228,125,103
2023,157,Fort Bend County,35,35 yrs,11985,5882,6103,2613,1302,1311,1903,853,1050,3317,1733,1584,3929,1879,2050,223,115,108
2023,157,Fort Bend County,36,36 yrs,12138,6156,5982,2812,1392,1420,1868,919,949,3435,1744,1691,3754,1969,1785,269,132,137
2023,157,Fort Bend County,37,37 yrs,12226,6100,6126,2853,1460,1393,1827,862,965,3463,1792,1671,3863,1876,1987,220,110,110
2023,157,Fort Bend County,38,38 yrs,12824,6414,6410,3132,1541,1591,1831,856,975,3450,1690,1760,4221,2224,1997,190,103,87
2023,157,Fort Bend County,39,39 yrs,11956,5773,6183,2835,1382,1453,1744,794,950,3265,1602,1663,3877,1887,1990,235,108,127
2023,157,Fort Bend County,40,40 yrs,12518,6135,6383,3186,1570,1616,1805,848,957,3588,1765,1823,3725,1851,1874,214,101,113
2023,157,Fort Bend County,41,41 yrs,12233,6119,6114,3164,1547,1617,1812,827,985,3455,1786,1669,3566,1853,1713,236,106,130
2023,157,Fort Bend County,42,42 yrs,12187,5963,6224,3301,1627,1674,1907,862,1045,3475,1698,1777,3231,1655,1576,273,121,152
2023,157,Fort Bend County,43,43 yrs,12253,5909,6344,3355,1629,1726,2115,923,1192,3267,1638,1629,3274,1606,1668,242,113,129
2023,157,Fort Bend County,44,44 yrs,11598,5569,6029,3295,1609,1686,1951,816,1135,3130,1578,1552,2957,1450,1507,265,116,149
2023,157,Fort Bend County,45,45 yrs,11649,5676,5973,3319,1629,1690,1968,848,1120,3187,1627,1560,2907,1447,1460,268,125,143
2023,157,Fort Bend County,46,46 yrs,11566,5437,6129,3338,1630,1708,2076,894,1182,3117,1496,1621,2813,1334,1479,222,83,139
2023,157,Fort Bend County,47,47 yrs,11508,5501,6007,3247,1597,1650,2070,869,1201,3129,1542,1587,2804,1357,1447,258,136,122
2023,157,Fort Bend County,48,48 yrs,12162,5760,6402,3620,1740,1880,2204,938,1266,3186,1599,1587,2866,1332,1534,286,151,135
2023,157,Fort Bend County,49,49 yrs,11801,5612,6189,3474,1743,1731,2332,981,1351,2860,1395,1465,2857,1354,1503,278,139,139
2023,157,Fort Bend County,50,50 yrs,12299,5869,6430,3705,1810,1895,2456,1044,1412,2972,1457,1515,2907,1438,1469,259,120,139
2023,157,Fort Bend County,51,51 yrs,12560,5879,6681,4089,1971,2118,2520,1066,1454,2909,1409,1500,2787,1298,1489,255,135,120
2023,157,Fort Bend County,52,52 yrs,12847,6153,6694,4414,2182,2232,2626,1122,1504,2828,1406,1422,2715,1294,1421,264,149,115
2023,157,Fort Bend County,53,53 yrs,12397,5815,6582,4448,2149,2299,2396,989,1407,2765,1357,1408,2538,1188,1350,250,132,118
2023,157,Fort Bend County,54,54 yrs,11614,5485,6129,4111,1970,2141,2300,993,1307,2497,1240,1257,2449,1151,1298,257,131,126
2023,157,Fort Bend County,55,55 yrs,11172,5321,5851,4092,2080,2012,2257,969,1288,2406,1152,1254,2216,1038,1178,201,82,119
2023,157,Fort Bend County,56,56 yrs,11114,5373,5741,4164,2084,2080,2173,944,1229,2281,1127,1154,2283,1112,1171,213,106,107
2023,157,Fort Bend County,57,57 yrs,11136,5333,5803,4072,1994,2078,2185,955,1230,2357,1151,1206,2305,1125,1180,217,108,109
2023,157,Fort Bend County,58,58 yrs,11112,5318,5794,4376,2180,2196,2182,914,1268,2245,1101,1144,2067,1005,1062,242,118,124
2023,157,Fort Bend County,59,59 yrs,11101,5090,6011,4329,2012,2317,2190,875,1315,2153,1017,1136,2205,1075,1130,224,111,113
2023,157,Fort Bend County,60,60 yrs,11260,5370,5890,4613,2313,2300,2144,908,1236,2055,977,1078,2219,1051,1168,229,121,108
2023,157,Fort Bend County,61,61 yrs,10778,5080,5698,4685,2265,2420,2024,855,1169,1928,935,993,1897,911,986,244,114,130
2023,157,Fort Bend County,62,62 yrs,10985,5029,5956,4772,2245,2527,2113,910,1203,1825,846,979,2053,931,1122,222,97,125
2023,157,Fort Bend County,63,63 yrs,11361,5429,5932,5175,2567,2608,2110,928,1182,1815,886,929,2052,938,1114,209,110,99
2023,157,Fort Bend County,64,64 yrs,11142,5197,5945,5310,2555,2755,1991,831,1160,1715,814,901,1933,896,1037,193,101,92
2023,157,Fort Bend County,65,65 yrs,10978,5200,5778,5244,2627,2617,1985,814,1171,1656,750,906,1907,906,1001,186,103,83
2023,157,Fort Bend County,66,66 yrs,10645,5067,5578,5155,2589,2566,1891,787,1104,1557,714,843,1846,885,961,196,92,104
2023,157,Fort Bend County,67,67 yrs,10222,4962,5260,4721,2390,2331,1834,792,1042,1514,718,796,1934,946,988,219,116,103
2023,157,Fort Bend County,68,68 yrs,9673,4507,5166,4492,2180,2312,1854,783,1071,1371,598,773,1764,855,909,192,91,101
2023,157,Fort Bend County,69,69 yrs,8793,4153,4640,4120,2057,2063,1615,633,982,1269,544,725,1630,838,792,159,81,78
2023,157,Fort Bend County,70,70 yrs,8635,4052,4583,4009,1949,2060,1561,631,930,1183,534,649,1711,858,853,171,80,91
2023,157,Fort Bend County,71,71 yrs,8072,3733,4339,3855,1954,1901,1470,524,946,1133,513,620,1441,672,769,173,70,103
2023,157,Fort Bend County,72,72 yrs,7336,3427,3909,3404,1664,1740,1291,539,752,980,445,535,1516,715,801,145,64,81
2023,157,Fort Bend County,73,73 yrs,7118,3362,3756,3279,1616,1663,1258,526,732,986,446,540,1449,714,735,146,60,86
2023,157,Fort Bend County,74,74 yrs,6365,2976,3389,2965,1458,1507,1170,462,708,851,383,468,1243,602,641,136,71,65
2023,157,Fort Bend County,75,75 yrs,6097,2831,3266,3012,1475,1537,1005,413,592,831,337,494,1121,540,581,128,66,62
2023,157,Fort Bend County,76,76 yrs,5776,2705,3071,2990,1470,1520,864,331,533,753,324,429,1039,516,523,130,64,66
2023,157,Fort Bend County,77,77 yrs,4282,1998,2284,1993,966,1027,648,274,374,652,277,375,916,443,473,73,38,35
2023,157,Fort Bend County,78,78 yrs,4040,1836,2204,1980,931,1049,596,231,365,539,233,306,838,397,441,87,44,43
2023,157,Fort Bend County,79,79 yrs,3702,1692,2010,1891,926,965,549,193,356,477,189,288,724,355,369,61,29,32
2023,157,Fort Bend County,80,80 yrs,3288,1544,1744,1707,823,884,442,176,266,427,173,254,656,349,307,56,23,33
2023,157,Fort Bend County,81,81 yrs,2716,1255,1461,1373,646,727,354,135,219,352,163,189,576,287,289,61,24,37
2023,157,Fort Bend County,82,82 yrs,2478,1066,1412,1192,542,650,332,120,212,368,145,223,546,247,299,40,12,28
2023,157,Fort Bend County,83,83 yrs,2200,992,1208,1067,487,580,263,98,165,330,132,198,496,255,241,44,20,24
2023,157,Fort Bend County,84,84 yrs,1894,814,1080,947,421,526,236,87,149,277,90,187,409,207,202,25,9,16
2023,157,Fort Bend County,85,85 yrs,1678,694,984,819,348,471,199,56,143,270,99,171,368,185,183,22,6,16
2023,157,Fort Bend County,86,86 yrs,1396,569,827,669,298,371,161,46,115,233,72,161,321,148,173,12,5,7
2023,157,Fort Bend County,87,87 yrs,1279,488,791,633,259,374,137,42,95,220,64,156,280,119,161,9,4,5
2023,157,Fort Bend County,88,88 yrs,1027,417,610,509,205,304,108,37,71,178,66,112,222,107,115,10,2,8
2023,157,Fort Bend County,89,89 yrs,807,310,497,415,159,256,94,27,67,143,43,100,148,78,70,7,3,4
2023,157,Fort Bend County,90,90 yrs,738,265,473,385,142,243,82,20,62,134,42,92,132,59,73,5,2,3
2023,157,Fort Bend County,91,91 yrs,582,212,370,311,114,197,52,13,39,120,37,83,96,47,49,3,1,2
2023,157,Fort Bend County,92,92 yrs,489,162,327,248,87,161,44,8,36,104,27,77,90,39,51,3,1,2
2023,157,Fort Bend County,93,93 yrs,414,132,282,210,64,146,36,10,26,94,30,64,71,27,44,3,1,2
2023,157,Fort Bend County,94,94 yrs,306,95,211,164,50,114,34,8,26,59,15,44,47,21,26,2,1,1
2023,157,Fort Bend County,95,95+ yrs,777,215,562,387,111,276,86,14,72,168,42,126,131,46,85,5,2,3
2024,157,Fort Bend County,-1,All Ages,971347,477196,494151,302678,151614,151064,178738,83248,95490,242063,119450,122613,218619,108370,110249,29249,14514,14735
2024,157,Fort Bend County,0,< 1 yr,13367,6809,6558,3050,1555,1495,2490,1269,1221,4373,2230,2143,2637,1340,1297,817,415,402
2024,157,Fort Bend County,1,1 yr,13284,6785,6499,2986,1524,1462,2462,1254,1208,4357,2221,2136,2693,1386,1307,786,400,386
2024,157,Fort Bend County,2,2 yrs,13255,6760,6495,2934,1498,1436,2452,1245,1207,4355,2220,2135,2756,1415,1341,758,382,376
2024,157,Fort Bend County,3,3 yrs,13223,6764,6459,2891,1478,1413,2439,1239,1200,4349,2216,2133,2813,1461,1352,731,370,361
2024,157,Fort Bend County,4,4 yrs,13189,6739,6450,2854,1460,1394,2417,1224,1193,4341,2213,2128,2872,1488,1384,705,354,351
2024,157,Fort Bend County,5,5 yrs,13170,6749,6421,2828,1448,1380,2393,1212,1181,4335,2210,2125,2929,1535,1394,685,344,341
2024,157,Fort Bend County,6,6 yrs,13036,6668,6368,2814,1443,1371,2365,1194,1171,4299,2194,2105,2900,1509,1391,658,328,330
2024,157,Fort Bend County,7,7 yrs,12918,6625,6293,2813,1443,1370,2331,1177,1154,4268,2183,2085,2870,1504,1366,636,318,318
2024,157,Fort Bend County,8,8 yrs,12809,6553,6256,2817,1446,1371,2298,1156,1142,4237,2170,2067,2841,1478,1363,616,303,313
2024,157,Fort Bend County,9,9 yrs,12707,6519,6188,2824,1450,1374,2264,1140,1124,4210,2159,2051,2812,1474,1338,597,296,301
2024,157,Fort Bend County,10,10 yrs,12625,6463,6162,2838,1456,1382,2231,1120,1111,4186,2151,2035,2792,1452,1340,578,284,294
2024,157,Fort Bend County,11,11 yrs,12487,6408,6079,2881,1483,1398,2204,1107,1097,4118,2113,2005,2717,1425,1292,567,280,287
2024,157,Fort Bend County,12,12 yrs,12372,6336,6036,2938,1514,1424,2185,1095,1090,4049,2076,1973,2649,1381,1268,551,270,281
2024,157,Fort Bend County,13,13 yrs,12303,6312,5991,3009,1552,1457,2175,1092,1083,3985,2039,1946,2594,1363,1231,540,266,274
2024,157,Fort Bend County,14,14 yrs,12947,6729,6218,3536,1944,1592,2200,1087,1113,3971,2005,1966,2718,1432,1286,522,261,261
2024,157,Fort Bend County,15,15 yrs,13348,6801,6547,3834,2003,1831,2463,1204,1259,3913,1954,1959,2620,1361,1259,518,279,239
2024,157,Fort Bend County,16,16 yrs,13377,6852,6525,3848,2002,1846,2518,1255,1263,3754,1934,1820,2774,1426,1348,483,235,248
2024,157,Fort Bend County,17,17 yrs,13606,6884,6722,4034,2087,1947,2628,1285,1343,3764,1890,1874,2682,1382,1300,498,240,258
2024,157,Fort Bend County,18,18 yrs,12908,6772,6136,4000,2201,1799,2469,1290,1179,3506,1811,1695,2480,1257,1223,453,213,240
2024,157,Fort Bend County,19,19 yrs,11930,6101,5829,3558,1909,1649,2356,1151,1205,3333,1714,1619,2207,1094,1113,476,233,243
2024,157,Fort Bend County,20,20 yrs,12374,6315,6059,3764,1942,1822,2559,1298,1261,3257,1677,1580,2274,1140,1134,520,258,262
2024,157,Fort Bend County,21,21 yrs,12453,6337,6116,3660,1859,1801,2653,1411,1242,3319,1652,1667,2358,1203,1155,463,212,251
2024,157,Fort Bend County,22,22 yrs,12501,6500,6001,3762,2002,1760,2675,1382,1293,3305,1642,1663,2275,1208,1067,484,266,218
2024,157,Fort Bend County,23,23 yrs,13347,6799,6548,4002,2090,1912,2939,1476,1463,3286,1623,1663,2590,1343,1247,530,267,263
2024,157,Fort Bend County,24,24 yrs,13517,6911,6606,4241,2297,1944,2989,1519,1470,3317,1638,1679,2450,1195,1255,520,262,258
2024,157,Fort Bend County,25,25 yrs,13496,6688,6808,4038,2107,1931,3026,1515,1511,3361,1606,1755,2547,1209,1338,524,251,273
2024,157,Fort Bend County,26,26 yrs,13937,6972,6965,4062,2111,1951,3143,1530,1613,3344,1647,1697,2870,1440,1430,518,244,274
2024,157,Fort Bend County,27,27 yrs,14099,7136,6963,4257,2251,2006,3091,1588,1503,3287,1601,1686,3008,1465,1543,456,231,225
2024,157,Fort Bend County,28,28 yrs,14555,7365,7190,4328,2285,2043,3154,1587,1567,3443,1667,1776,3170,1590,1580,460,236,224
2024,157,Fort Bend County,29,29 yrs,14743,7267,7476,4140,2148,1992,3129,1525,1604,3552,1734,1818,3443,1612,1831,479,248,231
2024,157,Fort Bend County,30,30 yrs,15243,7440,7803,4257,2168,2089,3143,1596,1547,3771,1766,2005,3613,1683,1930,459,227,232
2024,157,Fort Bend County,31,31 yrs,15810,8025,7785,4148,2206,1942,3309,1727,1582,3886,1859,2027,3992,1984,2008,475,249,226
2024,157,Fort Bend County,32,32 yrs,14590,7393,7197,3644,1917,1727,2994,1528,1466,3767,1867,1900,3778,1869,1909,407,212,195
2024,157,Fort Bend County,33,33 yrs,13196,6592,6604,2630,1365,1265,2614,1375,1239,3788,1872,1916,3850,1819,2031,314,161,153
2024,157,Fort Bend County,34,34 yrs,13042,6375,6667,2416,1253,1163,2373,1191,1182,3740,1816,1924,4236,1947,2289,277,168,109
2024,157,Fort Bend County,35,35 yrs,12611,6392,6219,2521,1303,1218,2158,1087,1071,3587,1800,1787,4108,2073,2035,237,129,108
2024,157,Fort Bend County,36,36 yrs,12450,6135,6315,2679,1336,1343,1942,870,1072,3426,1792,1634,4168,2014,2154,235,123,112
2024,157,Fort Bend County,37,37 yrs,12605,6414,6191,2881,1426,1455,1904,937,967,3551,1805,1746,3989,2109,1880,280,137,143
2024,157,Fort Bend County,38,38 yrs,12687,6349,6338,2922,1497,1425,1859,876,983,3575,1852,1723,4102,2009,2093,229,115,114
2024,157,Fort Bend County,39,39 yrs,13310,6686,6624,3206,1579,1627,1861,870,991,3562,1749,1813,4482,2379,2103,199,109,90
2024,157,Fort Bend County,40,40 yrs,12417,6017,6400,2905,1416,1489,1778,809,969,3375,1657,1718,4114,2021,2093,245,114,131
2024,157,Fort Bend County,41,41 yrs,12806,6292,6514,3259,1606,1653,1832,859,973,3648,1800,1848,3845,1922,1923,222,105,117
2024,157,Fort Bend County,42,42 yrs,12507,6271,6236,3236,1583,1653,1832,834,998,3513,1821,1692,3681,1923,1758,245,110,135
2024,157,Fort Bend County,43,43 yrs,12461,6114,6347,3376,1664,1712,1932,873,1059,3532,1730,1802,3335,1719,1616,286,128,158
2024,157,Fort Bend County,44,44 yrs,12514,6047,6467,3427,1664,1763,2141,933,1208,3324,1671,1653,3374,1663,1711,248,116,132
2024,157,Fort Bend County,45,45 yrs,11874,5727,6147,3377,1655,1722,1983,832,1151,3186,1612,1574,3054,1508,1546,274,120,154
2024,157,Fort Bend County,46,46 yrs,11831,5759,6072,3381,1658,1723,1986,852,1134,3223,1646,1577,2962,1473,1489,279,130,149
2024,157,Fort Bend County,47,47 yrs,11764,5534,6230,3409,1667,1742,2105,907,1198,3153,1514,1639,2868,1360,1508,229,86,143
2024,157,Fort Bend County,48,48 yrs,11690,5589,6101,3309,1627,1682,2088,875,1213,3166,1562,1604,2857,1382,1475,270,143,127
2024,157,Fort Bend County,49,49 yrs,12345,5844,6501,3688,1771,1917,2224,945,1279,3220,1617,1603,2919,1356,1563,294,155,139
2024,157,Fort Bend County,50,50 yrs,11996,5709,6287,3545,1779,1766,2353,988,1365,2896,1415,1481,2912,1380,1532,290,147,143
2024,157,Fort Bend County,51,51 yrs,12451,5934,6517,3771,1843,1928,2471,1046,1425,2988,1463,1525,2954,1457,1497,267,125,142
2024,157,Fort Bend County,52,52 yrs,12707,5937,6770,4158,2004,2154,2535,1069,1466,2921,1411,1510,2831,1314,1517,262,139,123
2024,157,Fort Bend County,53,53 yrs,12994,6213,6781,4487,2218,2269,2640,1123,1517,2838,1408,1430,2758,1311,1447,271,153,118
2024,157,Fort Bend County,54,54 yrs,12536,5870,6666,4515,2179,2336,2409,991,1418,2775,1359,1416,2577,1202,1375,260,139,121
2024,157,Fort Bend County,55,55 yrs,11803,5557,6246,4207,2010,2197,2322,997,1325,2511,1244,1267,2492,1167,1325,271,139,132
2024,157,Fort Bend County,56,56 yrs,11311,5377,5934,4160,2113,2047,2262,966,1296,2425,1160,1265,2258,1054,1204,206,84,122
2024,157,Fort Bend County,57,57 yrs,11251,5426,5825,4229,2113,2116,2178,941,1237,2298,1135,1163,2327,1128,1199,219,109,110
2024,157,Fort Bend County,58,58 yrs,11269,5385,5884,4135,2023,2112,2186,949,1237,2375,1160,1215,2350,1142,1208,223,111,112
2024,157,Fort Bend County,59,59 yrs,11238,5366,5872,4440,2208,2232,2187,911,1276,2259,1107,1152,2103,1018,1085,249,122,127
2024,157,Fort Bend County,60,60 yrs,11237,5143,6094,4398,2042,2356,2191,870,1321,2168,1023,1145,2247,1091,1156,233,117,116
2024,157,Fort Bend County,61,61 yrs,11414,5426,5988,4680,2343,2337,2143,900,1243,2076,978,1098,2279,1081,1198,236,124,112
2024,157,Fort Bend County,62,62 yrs,10913,5127,5786,4750,2292,2458,2020,846,1174,1944,934,1010,1949,938,1011,250,117,133
2024,157,Fort Bend County,63,63 yrs,11122,5073,6049,4837,2271,2566,2108,900,1208,1843,847,996,2106,956,1150,228,99,129
2024,157,Fort Bend County,64,64 yrs,11489,5471,6018,5238,2592,2646,2102,918,1184,1827,884,943,2107,964,1143,215,113,102
2024,157,Fort Bend County,65,65 yrs,11263,5234,6029,5371,2578,2793,1981,819,1162,1725,810,915,1988,923,1065,198,104,94
2024,157,Fort Bend County,66,66 yrs,11105,5247,5858,5310,2655,2655,1987,809,1178,1672,754,918,1943,923,1020,193,106,87
2024,157,Fort Bend County,67,67 yrs,10752,5103,5649,5212,2613,2599,1889,780,1109,1571,716,855,1877,900,977,203,94,109
2024,157,Fort Bend County,68,68 yrs,10309,4989,5320,4768,2409,2359,1832,785,1047,1525,720,805,1957,956,1001,227,119,108
2024,157,Fort Bend County,69,69 yrs,9740,4522,5218,4532,2194,2338,1849,774,1075,1379,598,781,1783,863,920,197,93,104
2024,157,Fort Bend County,70,70 yrs,8845,4164,4681,4151,2067,2084,1608,625,983,1276,544,732,1646,845,801,164,83,81
2024,157,Fort Bend County,71,71 yrs,8682,4060,4622,4030,1953,2077,1551,621,930,1185,532,653,1740,872,868,176,82,94
2024,157,Fort Bend County,72,72 yrs,8099,3730,4369,3869,1955,1914,1460,515,945,1134,510,624,1459,679,780,177,71,106
2024,157,Fort Bend County,73,73 yrs,7343,3414,3929,3411,1662,1749,1275,527,748,978,441,537,1530,719,811,149,65,84
2024,157,Fort Bend County,74,74 yrs,7107,3336,3771,3276,1608,1668,1241,513,728,982,440,542,1460,715,745,148,60,88
2024,157,Fort Bend County,75,75 yrs,6343,2950,3393,2956,1447,1509,1153,450,703,846,378,468,1250,603,647,138,72,66
2024,157,Fort Bend County,76,76 yrs,6102,2821,3281,3018,1474,1544,995,404,591,819,330,489,1140,547,593,130,66,64
2024,157,Fort Bend County,77,77 yrs,5760,2686,3074,2987,1463,1524,852,322,530,740,318,422,1051,520,531,130,63,67
2024,157,Fort Bend County,78,78 yrs,4253,1974,2279,1983,957,1026,637,266,371,639,270,369,921,444,477,73,37,36
2024,157,Fort Bend County,79,79 yrs,4001,1805,2196,1963,919,1044,584,224,360,525,225,300,842,394,448,87,43,44
2024,157,Fort Bend County,80,80 yrs,3647,1656,1991,1865,908,957,535,185,350,462,182,280,724,352,372,61,29,32
2024,157,Fort Bend County,81,81 yrs,3216,1501,1715,1656,792,864,424,166,258,424,169,255,658,352,306,54,22,32
2024,157,Fort Bend County,82,82 yrs,2636,1209,1427,1323,617,706,336,125,211,347,158,189,571,286,285,59,23,36
2024,157,Fort Bend County,83,83 yrs,2397,1022,1375,1142,514,628,314,111,203,361,139,222,541,246,295,39,12,27
2024,157,Fort Bend County,84,84 yrs,2113,943,1170,1014,458,556,248,90,158,322,126,196,488,251,237,41,18,23
2024,157,Fort Bend County,85,85 yrs,1807,767,1040,895,393,502,220,79,141,269,85,184,398,201,197,25,9,16
2024,157,Fort Bend County,86,86 yrs,1577,644,933,767,321,446,182,50,132,260,93,167,348,175,173,20,5,15
2024,157,Fort Bend County,87,87 yrs,1299,522,777,619,272,347,146,41,105,222,66,156,302,139,163,10,4,6
2024,157,Fort Bend County,88,88 yrs,1174,440,734,579,233,346,122,36,86,206,58,148,260,110,150,7,3,4
2024,157,Fort Bend County,89,89 yrs,930,372,558,458,181,277,95,32,63,166,60,106,203,97,106,8,2,6
2024,157,Fort Bend County,90,90 yrs,723,272,451,369,138,231,82,23,59,131,38,93,135,70,65,6,3,3
2024,157,Fort Bend County,91,91 yrs,651,228,423,336,121,215,72,16,56,120,37,83,119,53,66,4,1,3
2024,157,Fort Bend County,92,92 yrs,504,180,324,265,95,170,45,11,34,107,32,75,84,41,43,3,1,2
2024,157,Fort Bend County,93,93 yrs,416,134,282,207,70,137,37,7,30,91,23,68,78,33,45,3,1,2
2024,157,Fort Bend County,94,94 yrs,343,107,236,171,50,121,30,8,22,81,25,56,59,23,36,2,1,1
2024,157,Fort Bend County,95,95+ yrs,843,236,607,413,118,295,93,16,77,187,47,140,146,54,92,4,1,3
2025,157,Fort Bend County,-1,All Ages,1007086,494856,512230,310194,155386,154808,183313,85339,97974,251342,123939,127403,231169,114752,116417,31068,15440,15628
2025,157,Fort Bend County,0,< 1 yr,13895,7092,6803,3170,1616,1554,2547,1300,1247,4521,2305,2216,2787,1426,1361,870,445,425
2025,157,Fort Bend County,1,1 yr,13830,7048,6782,3111,1587,1524,2523,1283,1240,4509,2299,2210,2852,1457,1395,835,422,413
2025,157,Fort Bend County,2,2 yrs,13821,7066,6755,3061,1564,1497,2519,1281,1238,4511,2300,2211,2921,1510,1411,809,411,398
2025,157,Fort Bend County,3,3 yrs,13793,7040,6753,3009,1537,1472,2508,1272,1236,4507,2297,2210,2989,1542,1447,780,392,388
2025,157,Fort Bend County,4,4 yrs,13765,7049,6716,2964,1517,1447,2495,1266,1229,4502,2294,2208,3050,1592,1458,754,380,374
2025,157,Fort Bend County,5,5 yrs,13736,7026,6710,2927,1498,1429,2473,1251,1222,4494,2291,2203,3115,1622,1493,727,364,363
2025,157,Fort Bend County,6,6 yrs,13592,6967,6625,2900,1486,1414,2447,1237,1210,4458,2276,2182,3084,1616,1468,703,352,351
2025,157,Fort Bend County,7,7 yrs,13456,6886,6570,2886,1481,1405,2418,1219,1199,4422,2261,2161,3054,1589,1465,676,336,340
2025,157,Fort Bend County,8,8 yrs,13331,6839,6492,2885,1481,1404,2384,1202,1182,4389,2248,2141,3020,1582,1438,653,326,327
2025,157,Fort Bend County,9,9 yrs,13219,6765,6454,2889,1484,1405,2350,1180,1170,4357,2235,2122,2991,1556,1435,632,310,322
2025,157,Fort Bend County,10,10 yrs,13115,6731,6384,2896,1488,1408,2315,1164,1151,4330,2224,2106,2961,1552,1409,613,303,310
2025,157,Fort Bend County,11,11 yrs,12967,6639,6328,2942,1512,1430,2290,1149,1141,4266,2190,2076,2872,1495,1377,597,293,304
2025,157,Fort Bend County,12,12 yrs,12824,6582,6242,2987,1540,1447,2262,1136,1126,4196,2150,2046,2794,1467,1327,585,289,296
2025,157,Fort Bend County,13,13 yrs,12706,6507,6199,3045,1571,1474,2242,1123,1119,4128,2114,2014,2723,1421,1302,568,278,290
2025,157,Fort Bend County,14,14 yrs,12633,6484,6149,3118,1611,1507,2232,1120,1112,4060,2075,1985,2666,1403,1263,557,275,282
2025,157,Fort Bend County,15,15 yrs,13258,6877,6381,3643,1999,1644,2253,1108,1145,4041,2036,2005,2787,1468,1319,534,266,268
2025,157,Fort Bend County,16,16 yrs,13677,6980,6697,4007,2103,1904,2523,1236,1287,3918,1956,1962,2698,1399,1299,531,286,245
2025,157,Fort Bend County,17,17 yrs,13563,6947,6616,3972,2071,1901,2541,1266,1275,3744,1929,1815,2822,1446,1376,484,235,249
2025,157,Fort Bend County,18,18 yrs,13122,6696,6426,3847,2030,1817,2527,1255,1272,3657,1841,1816,2588,1330,1258,503,240,263
2025,157,Fort Bend County,19,19 yrs,12150,6372,5778,3637,1996,1641,2372,1246,1126,3322,1721,1601,2361,1194,1167,458,215,243
2025,157,Fort Bend County,20,20 yrs,12293,6299,5994,3693,1998,1695,2454,1203,1251,3376,1733,1643,2272,1124,1148,498,241,257
2025,157,Fort Bend County,21,21 yrs,12794,6485,6309,3806,1954,1852,2653,1333,1320,3337,1703,1634,2453,1222,1231,545,273,272
2025,157,Fort Bend County,22,22 yrs,13003,6555,6448,3779,1903,1876,2761,1456,1305,3409,1676,1733,2569,1294,1275,485,226,259
2025,157,Fort Bend County,23,23 yrs,13222,6841,6381,4018,2122,1896,2775,1428,1347,3400,1675,1725,2520,1337,1183,509,279,230
2025,157,Fort Bend County,24,24 yrs,13926,7075,6851,4162,2173,1989,3022,1511,1511,3391,1663,1728,2794,1448,1346,557,280,277
2025,157,Fort Bend County,25,25 yrs,14091,7173,6918,4410,2390,2020,3087,1562,1525,3401,1667,1734,2647,1277,1370,546,277,269
2025,157,Fort Bend County,26,26 yrs,14216,7029,7187,4197,2189,2008,3108,1555,1553,3543,1682,1861,2818,1340,1478,550,263,287
2025,157,Fort Bend County,27,27 yrs,14612,7277,7335,4169,2172,1997,3223,1564,1659,3517,1720,1797,3162,1565,1597,541,256,285
2025,157,Fort Bend County,28,28 yrs,14837,7494,7343,4411,2340,2071,3158,1626,1532,3458,1674,1784,3334,1612,1722,476,242,234
2025,157,Fort Bend County,29,29 yrs,15230,7657,7573,4412,2322,2090,3227,1619,1608,3611,1735,1876,3499,1734,1765,481,247,234
2025,157,Fort Bend County,30,30 yrs,15412,7537,7875,4241,2197,2044,3191,1549,1642,3726,1806,1920,3754,1725,2029,500,260,240
2025,157,Fort Bend County,31,31 yrs,16072,7870,8202,4389,2236,2153,3218,1628,1590,3958,1854,2104,4027,1913,2114,480,239,241
2025,157,Fort Bend County,32,32 yrs,16588,8426,8162,4255,2265,1990,3381,1764,1617,4069,1945,2124,4388,2191,2197,495,261,234
2025,157,Fort Bend County,33,33 yrs,15340,7793,7547,3737,1968,1769,3062,1560,1502,3939,1949,1990,4177,2094,2083,425,222,203
2025,157,Fort Bend County,34,34 yrs,13887,6946,6941,2697,1398,1299,2671,1405,1266,3960,1958,2002,4231,2015,2216,328,170,158
2025,157,Fort Bend County,35,35 yrs,13744,6717,7027,2471,1279,1192,2416,1207,1209,3913,1899,2014,4657,2158,2499,287,174,113
2025,157,Fort Bend County,36,36 yrs,13098,6663,6435,2582,1335,1247,2201,1109,1092,3704,1861,1843,4361,2220,2141,250,138,112
2025,157,Fort Bend County,37,37 yrs,12934,6395,6539,2744,1369,1375,1980,887,1093,3542,1855,1687,4424,2157,2267,244,127,117
2025,157,Fort Bend County,38,38 yrs,13083,6681,6402,2951,1463,1488,1936,952,984,3666,1865,1801,4238,2257,1981,292,144,148
2025,157,Fort Bend County,39,39 yrs,13170,6614,6556,2991,1534,1457,1891,891,1000,3692,1917,1775,4357,2151,2206,239,121,118
2025,157,Fort Bend County,40,40 yrs,13830,6975,6855,3285,1618,1667,1897,886,1011,3681,1809,1872,4759,2547,2212,208,115,93
2025,157,Fort Bend County,41,41 yrs,12707,6177,6530,2971,1449,1522,1805,820,985,3431,1690,1741,4246,2100,2146,254,118,136
2025,157,Fort Bend County,42,42 yrs,13097,6452,6645,3333,1644,1689,1855,868,987,3710,1836,1874,3968,1994,1974,231,110,121
2025,157,Fort Bend County,43,43 yrs,12791,6431,6360,3308,1618,1690,1855,844,1011,3572,1856,1716,3800,1997,1803,256,116,140
2025,157,Fort Bend County,44,44 yrs,12729,6259,6470,3447,1699,1748,1957,882,1075,3593,1765,1828,3437,1780,1657,295,133,162
2025,157,Fort Bend County,45,45 yrs,12812,6217,6595,3512,1711,1801,2174,949,1225,3384,1707,1677,3484,1729,1755,258,121,137
2025,157,Fort Bend County,46,46 yrs,12057,5811,6246,3440,1684,1756,2000,836,1164,3221,1630,1591,3112,1536,1576,284,125,159
2025,157,Fort Bend County,47,47 yrs,12033,5862,6171,3451,1694,1757,2013,864,1149,3262,1667,1595,3019,1502,1517,288,135,153
2025,157,Fort Bend County,48,48 yrs,11946,5619,6327,3473,1698,1775,2123,913,1210,3189,1533,1656,2923,1385,1538,238,90,148
2025,157,Fort Bend County,49,49 yrs,11866,5672,6194,3371,1656,1715,2107,882,1225,3201,1579,1622,2908,1407,1501,279,148,131
2025,157,Fort Bend County,50,50 yrs,12544,5943,6601,3763,1808,1955,2242,951,1291,3258,1638,1620,2974,1382,1592,307,164,143
2025,157,Fort Bend County,51,51 yrs,12140,5772,6368,3608,1811,1797,2365,989,1376,2909,1420,1489,2959,1399,1560,299,153,146
2025,157,Fort Bend County,52,52 yrs,12593,5991,6602,3835,1874,1961,2484,1048,1436,2998,1464,1534,3000,1475,1525,276,130,146
2025,157,Fort Bend County,53,53 yrs,12856,5997,6859,4229,2039,2190,2548,1070,1478,2931,1412,1519,2877,1332,1545,271,144,127
2025,157,Fort Bend County,54,54 yrs,13138,6272,6866,4556,2250,2306,2652,1124,1528,2848,1410,1438,2800,1327,1473,282,161,121
2025,157,Fort Bend County,55,55 yrs,12733,5944,6789,4619,2223,2396,2429,993,1436,2790,1363,1427,2622,1219,1403,273,146,127
2025,157,Fort Bend County,56,56 yrs,11952,5614,6338,4277,2041,2236,2327,994,1333,2530,1252,1278,2539,1184,1355,279,143,136
2025,157,Fort Bend County,57,57 yrs,11448,5429,6019,4224,2142,2082,2267,963,1304,2444,1168,1276,2300,1068,1232,213,88,125
2025,157,Fort Bend County,58,58 yrs,11388,5481,5907,4294,2144,2150,2180,935,1245,2316,1144,1172,2371,1144,1227,227,114,113
2025,157,Fort Bend County,59,59 yrs,11396,5431,5965,4196,2049,2147,2190,946,1244,2390,1166,1224,2392,1156,1236,228,114,114
2025,157,Fort Bend County,60,60 yrs,11369,5418,5951,4508,2240,2268,2189,906,1283,2273,1113,1160,2142,1032,1110,257,127,130
2025,157,Fort Bend County,61,61 yrs,11390,5197,6193,4461,2067,2394,2191,863,1328,2190,1024,1166,2309,1123,1186,239,120,119
2025,157,Fort Bend County,62,62 yrs,11562,5479,6083,4746,2371,2375,2139,891,1248,2094,977,1117,2340,1112,1228,243,128,115
2025,157,Fort Bend County,63,63 yrs,11046,5172,5874,4816,2319,2497,2015,837,1178,1961,934,1027,1999,963,1036,255,119,136
2025,157,Fort Bend County,64,64 yrs,11249,5111,6138,4896,2292,2604,2101,890,1211,1857,845,1012,2161,982,1179,234,102,132
2025,157,Fort Bend County,65,65 yrs,11612,5510,6102,5297,2615,2682,2093,906,1187,1837,880,957,2165,993,1172,220,116,104
2025,157,Fort Bend County,66,66 yrs,11396,5284,6112,5438,2606,2832,1983,814,1169,1742,815,927,2026,941,1085,207,108,99
2025,157,Fort Bend County,67,67 yrs,11217,5286,5931,5369,2680,2689,1986,802,1184,1688,757,931,1974,937,1037,200,110,90
2025,157,Fort Bend County,68,68 yrs,10845,5133,5712,5264,2634,2630,1887,773,1114,1583,718,865,1902,912,990,209,96,113
2025,157,Fort Bend County,69,69 yrs,10384,5007,5377,4810,2424,2386,1826,776,1050,1534,720,814,1979,965,1014,235,122,113
2025,157,Fort Bend County,70,70 yrs,9798,4532,5266,4566,2205,2361,1840,764,1076,1386,597,789,1802,871,931,204,95,109
2025,157,Fort Bend County,71,71 yrs,8895,4175,4720,4174,2072,2102,1599,616,983,1279,542,737,1675,860,815,168,85,83
2025,157,Fort Bend County,72,72 yrs,8710,4055,4655,4044,1954,2090,1538,609,929,1185,528,657,1762,881,881,181,83,98
2025,157,Fort Bend County,73,73 yrs,8104,3714,4390,3876,1952,1924,1444,503,941,1131,504,627,1472,683,789,181,72,109
2025,157,Fort Bend County,74,74 yrs,7337,3390,3947,3410,1654,1756,1259,515,744,974,435,539,1542,720,822,152,66,86
2025,157,Fort Bend County,75,75 yrs,7085,3306,3779,3268,1597,1671,1223,500,723,976,434,542,1468,715,753,150,60,90
2025,157,Fort Bend County,76,76 yrs,6350,2940,3410,2963,1446,1517,1141,440,701,834,371,463,1272,611,661,140,72,68
2025,157,Fort Bend County,77,77 yrs,6082,2798,3284,3015,1467,1548,979,392,587,804,323,481,1153,550,603,131,66,65
2025,157,Fort Bend County,78,78 yrs,5723,2653,3070,2972,1449,1523,839,312,527,725,309,416,1055,520,535,132,63,69
2025,157,Fort Bend County,79,79 yrs,4211,1942,2269,1967,945,1022,623,257,366,624,262,362,924,441,483,73,37,36
2025,157,Fort Bend County,80,80 yrs,3943,1767,2176,1937,901,1036,569,215,354,507,216,291,843,392,451,87,43,44
2025,157,Fort Bend County,81,81 yrs,3565,1608,1957,1810,875,935,511,173,338,459,177,282,725,355,370,60,28,32
2025,157,Fort Bend County,82,82 yrs,3124,1446,1678,1597,757,840,403,154,249,419,164,255,652,350,302,53,21,32
2025,157,Fort Bend County,83,83 yrs,2550,1161,1389,1268,586,682,318,116,202,342,153,189,565,284,281,57,22,35
2025,157,Fort Bend County,84,84 yrs,2306,973,1333,1087,484,603,295,102,193,353,133,220,533,243,290,38,11,27
2025,157,Fort Bend County,85,85 yrs,2018,891,1127,959,428,531,232,82,150,311,119,192,476,245,231,40,17,23
2025,157,Fort Bend County,86,86 yrs,1698,711,987,837,363,474,201,70,131,259,80,179,378,190,188,23,8,15
2025,157,Fort Bend County,87,87 yrs,1466,591,875,710,293,417,165,44,121,246,86,160,328,164,164,17,4,13
2025,157,Fort Bend County,88,88 yrs,1192,470,722,564,244,320,131,35,96,209,60,149,280,128,152,8,3,5
2025,157,Fort Bend County,89,89 yrs,1070,393,677,522,206,316,108,31,77,193,53,140,241,101,140,6,2,4
2025,157,Fort Bend County,90,90 yrs,833,327,506,406,157,249,83,27,56,151,53,98,185,88,97,8,2,6
2025,157,Fort Bend County,91,91 yrs,637,234,403,321,117,204,70,18,52,119,34,85,122,63,59,5,2,3
2025,157,Fort Bend County,92,92 yrs,563,193,370,286,100,186,62,13,49,106,32,74,106,47,59,3,1,2
2025,157,Fort Bend County,93,93 yrs,429,150,279,222,77,145,38,10,28,93,27,66,73,35,38,3,1,2
2025,157,Fort Bend County,94,94 yrs,344,108,236,168,55,113,30,5,25,78,19,59,66,28,38,2,1,1
2025,157,Fort Bend County,95,95+ yrs,922,262,660,437,123,314,96,18,78,218,57,161,167,63,104,4,1,3
2026,157,Fort Bend County,-1,All Ages,1044006,513087,530919,317874,159246,158628,187925,87444,100481,260898,128548,132350,244316,121431,122885,32993,16418,16575
2026,157,Fort Bend County,0,< 1 yr,14410,7341,7069,3286,1676,1610,2597,1323,1274,4668,2381,2287,2938,1493,1445,921,468,453
2026,157,Fort Bend County,1,1 yr,14375,7340,7035,3233,1649,1584,2579,1313,1266,4661,2376,2285,3013,1549,1464,889,453,436
2026,157,Fort Bend County,2,2 yrs,14390,7341,7049,3190,1629,1561,2580,1311,1269,4668,2380,2288,3092,1588,1504,860,433,427
2026,157,Fort Bend County,3,3 yrs,14383,7360,7023,3137,1604,1533,2575,1308,1267,4670,2381,2289,3167,1645,1522,834,422,412
2026,157,Fort Bend County,4,4 yrs,14361,7338,7023,3085,1577,1508,2566,1300,1266,4667,2379,2288,3240,1680,1560,803,402,401
2026,157,Fort Bend County,5,5 yrs,14333,7349,6984,3039,1557,1482,2552,1293,1259,4660,2375,2285,3306,1734,1572,776,390,386
2026,157,Fort Bend County,6,6 yrs,14178,7255,6923,3001,1537,1464,2529,1277,1252,4622,2360,2262,3279,1708,1571,747,373,374
2026,157,Fort Bend County,7,7 yrs,14030,7193,6837,2974,1525,1449,2502,1263,1239,4585,2344,2241,3247,1701,1546,722,360,362
2026,157,Fort Bend County,8,8 yrs,13888,7108,6780,2960,1520,1440,2471,1243,1228,4547,2328,2219,3215,1673,1542,695,344,351
2026,157,Fort Bend County,9,9 yrs,13760,7061,6699,2959,1520,1439,2436,1226,1210,4513,2315,2198,3180,1666,1514,672,334,338
2026,157,Fort Bend County,10,10 yrs,13644,6983,6661,2962,1522,1440,2402,1204,1198,4481,2302,2179,3148,1637,1511,651,318,333
2026,157,Fort Bend County,11,11 yrs,13472,6915,6557,3005,1547,1458,2377,1194,1183,4413,2264,2149,3045,1598,1447,632,312,320
2026,157,Fort Bend County,12,12 yrs,13319,6820,6499,3051,1571,1480,2351,1179,1172,4348,2229,2119,2953,1539,1414,616,302,314
2026,157,Fort Bend County,13,13 yrs,13170,6761,6409,3096,1599,1497,2321,1165,1156,4277,2189,2088,2872,1510,1362,604,298,306
2026,157,Fort Bend County,14,14 yrs,13043,6680,6363,3154,1630,1524,2299,1151,1148,4206,2151,2055,2797,1461,1336,587,287,300
2026,157,Fort Bend County,15,15 yrs,12936,6625,6311,3218,1660,1558,2283,1140,1143,4132,2107,2025,2732,1437,1295,571,281,290
2026,157,Fort Bend County,16,16 yrs,13576,7053,6523,3808,2098,1710,2307,1136,1171,4045,2038,2007,2868,1507,1361,548,274,274
2026,157,Fort Bend County,17,17 yrs,13862,7076,6786,4135,2175,1960,2545,1246,1299,3904,1949,1955,2744,1419,1325,534,287,247
2026,157,Fort Bend County,18,18 yrs,13088,6757,6331,3786,2013,1773,2443,1236,1207,3639,1879,1760,2731,1394,1337,489,235,254
2026,157,Fort Bend County,19,19 yrs,12374,6314,6060,3500,1841,1659,2431,1215,1216,3469,1751,1718,2466,1265,1201,508,242,266
2026,157,Fort Bend County,20,20 yrs,12519,6578,5941,3776,2089,1687,2468,1299,1169,3363,1739,1624,2433,1229,1204,479,222,257
2026,157,Fort Bend County,21,21 yrs,12707,6463,6244,3735,2011,1724,2543,1234,1309,3458,1759,1699,2451,1205,1246,520,254,266
2026,157,Fort Bend County,22,22 yrs,13356,6707,6649,3928,2000,1928,2758,1374,1384,3425,1727,1698,2672,1315,1357,573,291,282
2026,157,Fort Bend County,23,23 yrs,13752,6893,6859,4034,2015,2019,2865,1505,1360,3506,1709,1797,2837,1427,1410,510,237,273
2026,157,Fort Bend County,24,24 yrs,13794,7120,6674,4179,2207,1972,2852,1461,1391,3510,1716,1794,2718,1443,1275,535,293,242
2026,157,Fort Bend County,25,25 yrs,14522,7347,7175,4327,2261,2066,3124,1554,1570,3477,1692,1785,3010,1545,1465,584,295,289
2026,157,Fort Bend County,26,26 yrs,14837,7534,7303,4583,2482,2101,3170,1603,1567,3584,1745,1839,2927,1413,1514,573,291,282
2026,157,Fort Bend County,27,27 yrs,14898,7329,7569,4307,2252,2055,3185,1589,1596,3725,1756,1969,3106,1455,1651,575,277,298
2026,157,Fort Bend County,28,28 yrs,15381,7649,7732,4321,2259,2062,3294,1601,1693,3699,1798,1901,3502,1721,1781,565,270,295
2026,157,Fort Bend County,29,29 yrs,15532,7788,7744,4498,2378,2120,3231,1659,1572,3627,1742,1885,3679,1756,1923,497,253,244
2026,157,Fort Bend County,30,30 yrs,15911,7941,7970,4521,2376,2145,3290,1644,1646,3789,1806,1983,3808,1855,1953,503,260,243
2026,157,Fort Bend County,31,31 yrs,16259,7979,8280,4372,2266,2106,3267,1580,1687,3910,1896,2014,4184,1962,2222,526,275,251
2026,157,Fort Bend County,32,32 yrs,16856,8263,8593,4503,2297,2206,3286,1662,1624,4143,1939,2204,4423,2114,2309,501,251,250
2026,157,Fort Bend County,33,33 yrs,17427,8872,8555,4363,2324,2039,3456,1800,1656,4254,2031,2223,4836,2443,2393,518,274,244
2026,157,Fort Bend County,34,34 yrs,16095,8193,7902,3827,2014,1813,3125,1591,1534,4114,2036,2078,4585,2317,2268,444,235,209
2026,157,Fort Bend County,35,35 yrs,14611,7308,7303,2757,1427,1330,2721,1426,1295,4141,2047,2094,4652,2231,2421,340,177,163
2026,157,Fort Bend County,36,36 yrs,14275,7002,7273,2531,1311,1220,2466,1232,1234,4039,1963,2076,4935,2310,2625,304,186,118
2026,157,Fort Bend County,37,37 yrs,13603,6940,6663,2645,1368,1277,2242,1129,1113,3827,1925,1902,4629,2375,2254,260,143,117
2026,157,Fort Bend County,38,38 yrs,13428,6662,6766,2810,1404,1406,2014,901,1113,3656,1916,1740,4694,2308,2386,254,133,121
2026,157,Fort Bend County,39,39 yrs,13584,6965,6619,3022,1500,1522,1970,968,1002,3785,1930,1855,4503,2416,2087,304,151,153
2026,157,Fort Bend County,40,40 yrs,13682,6893,6789,3066,1573,1493,1928,907,1021,3814,1982,1832,4626,2304,2322,248,127,121
2026,157,Fort Bend County,41,41 yrs,14162,7165,6997,3361,1656,1705,1926,898,1028,3743,1845,1898,4916,2646,2270,216,120,96
2026,157,Fort Bend County,42,42 yrs,12999,6336,6663,3040,1484,1556,1827,828,999,3489,1723,1766,4379,2178,2201,264,123,141
2026,157,Fort Bend County,43,43 yrs,13390,6614,6776,3409,1681,1728,1878,879,999,3768,1869,1899,4094,2070,2024,241,115,126
2026,157,Fort Bend County,44,44 yrs,13073,6587,6486,3379,1653,1726,1879,853,1026,3634,1893,1741,3917,2068,1849,264,120,144
2026,157,Fort Bend County,45,45 yrs,13030,6435,6595,3531,1746,1785,1987,898,1089,3656,1802,1854,3550,1850,1700,306,139,167
2026,157,Fort Bend County,46,46 yrs,13010,6307,6703,3577,1740,1837,2194,954,1240,3422,1727,1695,3550,1760,1790,267,126,141
2026,157,Fort Bend County,47,47 yrs,12265,5914,6351,3512,1721,1791,2028,848,1180,3259,1650,1609,3172,1565,1607,294,130,164
2026,157,Fort Bend County,48,48 yrs,12225,5956,6269,3519,1727,1792,2030,870,1160,3300,1688,1612,3078,1531,1547,298,140,158
2026,157,Fort Bend County,49,49 yrs,12128,5701,6427,3539,1728,1811,2142,919,1223,3223,1550,1673,2978,1411,1567,246,93,153
2026,157,Fort Bend County,50,50 yrs,12055,5765,6290,3439,1690,1749,2125,887,1238,3237,1599,1638,2964,1434,1530,290,155,135
2026,157,Fort Bend County,51,51 yrs,12699,6009,6690,3830,1841,1989,2256,953,1303,3274,1644,1630,3022,1400,1622,317,171,146
2026,157,Fort Bend County,52,52 yrs,12281,5828,6453,3670,1842,1828,2378,991,1387,2919,1421,1498,3006,1416,1590,308,158,150
2026,157,Fort Bend County,53,53 yrs,12737,6049,6688,3900,1906,1994,2497,1049,1448,3009,1466,1543,3047,1494,1553,284,134,150
2026,157,Fort Bend County,54,54 yrs,13000,6054,6946,4293,2067,2226,2561,1072,1489,2940,1413,1527,2923,1350,1573,283,152,131
2026,157,Fort Bend County,55,55 yrs,13340,6350,6990,4660,2295,2365,2673,1127,1546,2864,1414,1450,2848,1345,1503,295,169,126
2026,157,Fort Bend County,56,56 yrs,12894,6008,6886,4694,2257,2437,2434,990,1444,2813,1373,1440,2671,1236,1435,282,152,130
2026,157,Fort Bend County,57,57 yrs,12099,5670,6429,4343,2069,2274,2332,991,1341,2550,1261,1289,2586,1200,1386,288,149,139
2026,157,Fort Bend County,58,58 yrs,11583,5482,6101,4290,2174,2116,2267,956,1311,2462,1176,1286,2344,1084,1260,220,92,128
2026,157,Fort Bend County,59,59 yrs,11515,5528,5987,4356,2171,2185,2182,931,1251,2331,1150,1181,2413,1159,1254,233,117,116
2026,157,Fort Bend County,60,60 yrs,11529,5484,6045,4261,2079,2182,2190,941,1249,2405,1172,1233,2436,1172,1264,237,120,117
2026,157,Fort Bend County,61,61 yrs,11520,5472,6048,4572,2268,2304,2188,898,1290,2295,1114,1181,2201,1062,1139,264,130,134
2026,157,Fort Bend County,62,62 yrs,11537,5248,6289,4525,2093,2432,2186,854,1332,2208,1022,1186,2371,1155,1216,247,124,123
2026,157,Fort Bend County,63,63 yrs,11702,5528,6174,4809,2398,2411,2132,880,1252,2112,977,1135,2400,1142,1258,249,131,118
2026,157,Fort Bend County,64,64 yrs,11171,5212,5959,4874,2341,2533,2007,827,1180,1976,932,1044,2052,989,1063,262,123,139
2026,157,Fort Bend County,65,65 yrs,11371,5147,6224,4951,2312,2639,2089,877,1212,1869,841,1028,2222,1012,1210,240,105,135
2026,157,Fort Bend County,66,66 yrs,11746,5559,6187,5363,2643,2720,2094,900,1194,1855,885,970,2205,1011,1194,229,120,109
2026,157,Fort Bend County,67,67 yrs,11512,5323,6189,5499,2630,2869,1981,807,1174,1758,818,940,2060,957,1103,214,111,103
2026,157,Fort Bend County,68,68 yrs,11313,5316,5997,5423,2702,2721,1984,795,1189,1700,758,942,1999,948,1051,207,113,94
2026,157,Fort Bend County,69,69 yrs,10920,5150,5770,5311,2651,2660,1881,764,1117,1592,717,875,1921,920,1001,215,98,117
2026,157,Fort Bend County,70,70 yrs,10443,5015,5428,4845,2435,2410,1817,766,1051,1542,719,823,1998,971,1027,241,124,117
2026,157,Fort Bend County,71,71 yrs,9852,4541,5311,4591,2211,2380,1829,753,1076,1389,594,795,1833,886,947,210,97,113
2026,157,Fort Bend County,72,72 yrs,8925,4170,4755,4189,2073,2116,1586,604,982,1280,538,742,1697,868,829,173,87,86
2026,157,Fort Bend County,73,73 yrs,8719,4039,4680,4053,1951,2102,1519,595,924,1183,523,660,1779,886,893,185,84,101
2026,157,Fort Bend County,74,74 yrs,8099,3691,4408,3875,1943,1932,1427,492,935,1129,499,630,1483,684,799,185,73,112
2026,157,Fort Bend County,75,75 yrs,7313,3358,3955,3401,1642,1759,1240,501,739,968,429,539,1550,720,830,154,66,88
2026,157,Fort Bend County,76,76 yrs,7092,3295,3797,3274,1595,1679,1210,489,721,962,426,536,1493,725,768,153,60,93
2026,157,Fort Bend County,77,77 yrs,6328,2915,3413,2960,1440,1520,1123,427,696,818,362,456,1287,615,672,140,71,69
2026,157,Fort Bend County,78,78 yrs,6040,2764,3276,3001,1454,1547,962,380,582,788,314,474,1157,550,607,132,66,66
2026,157,Fort Bend County,79,79 yrs,5663,2608,3055,2947,1430,1517,821,301,520,706,299,407,1058,516,542,131,62,69
2026,157,Fort Bend County,80,80 yrs,4148,1900,2248,1940,927,1013,606,247,359,605,252,353,924,438,486,73,36,37
2026,157,Fort Bend County,81,81 yrs,3859,1718,2141,1881,868,1013,545,203,342,504,211,293,844,395,449,85,41,44
2026,157,Fort Bend County,82,82 yrs,3462,1550,1912,1745,837,908,487,161,326,453,171,282,719,354,365,58,27,31
2026,157,Fort Bend County,83,83 yrs,3016,1384,1632,1529,718,811,381,143,238,411,157,254,644,346,298,51,20,31
2026,157,Fort Bend County,84,84 yrs,2449,1104,1345,1206,552,654,300,107,193,332,145,187,556,280,276,55,20,35
2026,157,Fort Bend County,85,85 yrs,2201,919,1282,1028,453,575,276,93,183,340,125,215,521,238,283,36,10,26
2026,157,Fort Bend County,86,86 yrs,1896,828,1068,898,396,502,212,73,139,299,112,187,452,232,220,35,15,20
2026,157,Fort Bend County,87,87 yrs,1578,652,926,775,331,444,181,62,119,246,74,172,356,178,178,20,7,13
2026,157,Fort Bend County,88,88 yrs,1348,535,813,648,263,385,149,38,111,232,79,153,304,152,152,15,3,12
2026,157,Fort Bend County,89,89 yrs,1083,420,663,509,216,293,116,31,85,195,55,140,257,116,141,6,2,4
2026,157,Fort Bend County,90,90 yrs,959,345,614,465,180,285,94,26,68,176,46,130,219,91,128,5,2,3
2026,157,Fort Bend County,91,91 yrs,736,283,453,355,134,221,72,22,50,136,47,89,167,79,88,6,1,5
2026,157,Fort Bend County,92,92 yrs,549,197,352,273,97,176,61,15,46,105,29,76,107,55,52,3,1,2
2026,157,Fort Bend County,93,93 yrs,480,160,320,240,81,159,52,11,41,93,27,66,92,40,52,3,1,2
2026,157,Fort Bend County,94,94 yrs,354,120,234,180,60,120,31,8,23,80,22,58,61,29,32,2,1,1
2026,157,Fort Bend County,95,95+ yrs,987,283,704,452,130,322,99,17,82,242,61,181,190,74,116,4,1,3
2027,157,Fort Bend County,-1,All Ages,1082085,531923,550162,325671,163158,162513,192578,89573,103005,270715,133285,137430,258098,128463,129635,35023,17444,17579
2027,157,Fort Bend County,0,< 1 yr,14914,7611,7303,3397,1732,1665,2640,1347,1293,4814,2455,2359,3091,1581,1510,972,496,476
2027,157,Fort Bend County,1,1 yr,14909,7600,7309,3352,1711,1641,2630,1337,1293,4811,2453,2358,3174,1622,1552,942,477,465
2027,157,Fort Bend County,2,2 yrs,14957,7643,7314,3314,1691,1623,2639,1342,1297,4825,2459,2366,3264,1686,1578,915,465,450
2027,157,Fort Bend County,3,3 yrs,14974,7645,7329,3270,1671,1599,2638,1338,1300,4831,2463,2368,3350,1729,1621,885,444,441
2027,157,Fort Bend County,4,4 yrs,14971,7668,7303,3216,1646,1570,2634,1336,1298,4834,2464,2370,3429,1789,1640,858,433,425
2027,157,Fort Bend County,5,5 yrs,14953,7648,7305,3162,1618,1544,2624,1327,1297,4831,2462,2369,3510,1829,1681,826,412,414
2027,157,Fort Bend County,6,6 yrs,14792,7587,7205,3117,1598,1519,2607,1319,1288,4792,2446,2346,3480,1825,1655,796,399,397
2027,157,Fort Bend County,7,7 yrs,14631,7489,7142,3075,1576,1499,2584,1303,1281,4752,2430,2322,3451,1797,1654,769,383,386
2027,157,Fort Bend County,8,8 yrs,14479,7425,7054,3049,1564,1485,2556,1288,1268,4714,2414,2300,3418,1790,1628,742,369,373
2027,157,Fort Bend County,9,9 yrs,14332,7337,6995,3033,1558,1475,2526,1269,1257,4676,2398,2278,3383,1760,1623,714,352,362
2027,157,Fort Bend County,10,10 yrs,14202,7290,6912,3034,1559,1475,2491,1252,1239,4641,2385,2256,3346,1752,1594,690,342,348
2027,157,Fort Bend County,11,11 yrs,14013,7174,6839,3073,1582,1491,2465,1235,1230,4566,2343,2223,3237,1686,1551,672,328,344
2027,157,Fort Bend County,12,12 yrs,13835,7103,6732,3116,1607,1509,2438,1224,1214,4497,2305,2192,3131,1645,1486,653,322,331
2027,157,Fort Bend County,13,13 yrs,13671,7001,6670,3162,1631,1531,2411,1209,1202,4430,2268,2162,3035,1583,1452,633,310,323
2027,157,Fort Bend County,14,14 yrs,13516,6940,6576,3207,1659,1548,2380,1194,1186,4357,2227,2130,2950,1553,1397,622,307,315
2027,157,Fort Bend County,15,15 yrs,13354,6825,6529,3254,1679,1575,2352,1172,1180,4280,2184,2096,2867,1497,1370,601,293,308
2027,157,Fort Bend County,16,16 yrs,13227,6783,6444,3360,1742,1618,2337,1169,1168,4137,2109,2028,2809,1475,1334,584,288,296
2027,157,Fort Bend County,17,17 yrs,13751,7146,6605,3929,2169,1760,2324,1144,1180,4032,2031,2001,2915,1527,1388,551,275,276
2027,157,Fort Bend County,18,18 yrs,13361,6876,6485,3935,2110,1825,2444,1215,1229,3792,1897,1895,2652,1367,1285,538,287,251
2027,157,Fort Bend County,19,19 yrs,12353,6375,5978,3443,1824,1619,2349,1195,1154,3454,1788,1666,2612,1331,1281,495,237,258
2027,157,Fort Bend County,20,20 yrs,12744,6516,6228,3634,1928,1706,2530,1268,1262,3509,1768,1741,2540,1302,1238,531,250,281
2027,157,Fort Bend County,21,21 yrs,12936,6750,6186,3816,2102,1714,2556,1334,1222,3444,1765,1679,2621,1316,1305,499,233,266
2027,157,Fort Bend County,22,22 yrs,13262,6680,6582,3854,2059,1795,2644,1271,1373,3549,1783,1766,2668,1296,1372,547,271,276
2027,157,Fort Bend County,23,23 yrs,14123,7053,7070,4192,2118,2074,2862,1421,1441,3521,1761,1760,2946,1448,1498,602,305,297
2027,157,Fort Bend County,24,24 yrs,14344,7169,7175,4194,2095,2099,2945,1541,1404,3617,1750,1867,3053,1535,1518,535,248,287
2027,157,Fort Bend County,25,25 yrs,14377,7393,6984,4348,2298,2050,2947,1503,1444,3598,1745,1853,2924,1539,1385,560,308,252
2027,157,Fort Bend County,26,26 yrs,15304,7728,7576,4499,2349,2150,3207,1595,1612,3663,1771,1892,3321,1703,1618,614,310,304
2027,157,Fort Bend County,27,27 yrs,15542,7854,7688,4703,2553,2150,3248,1638,1610,3766,1822,1944,3226,1535,1691,599,306,293
2027,157,Fort Bend County,28,28 yrs,15681,7697,7984,4466,2343,2123,3254,1626,1628,3919,1836,2083,3442,1601,1841,600,291,309
2027,157,Fort Bend County,29,29 yrs,16105,7954,8151,4406,2295,2111,3369,1632,1737,3878,1870,2008,3863,1876,1987,589,281,308
2027,157,Fort Bend County,30,30 yrs,16233,8072,8161,4610,2433,2177,3293,1684,1609,3804,1813,1991,4006,1876,2130,520,266,254
2027,157,Fort Bend County,31,31 yrs,16772,8400,8372,4661,2450,2211,3368,1677,1691,3974,1895,2079,4242,2104,2138,527,274,253
2027,157,Fort Bend County,32,32 yrs,17062,8384,8678,4486,2328,2158,3337,1613,1724,4094,1984,2110,4598,2171,2427,547,288,259
2027,157,Fort Bend County,33,33 yrs,17697,8694,9003,4616,2356,2260,3357,1695,1662,4330,2024,2306,4870,2356,2514,524,263,261
2027,157,Fort Bend County,34,34 yrs,18271,9317,8954,4469,2379,2090,3526,1835,1691,4442,2121,2321,5295,2694,2601,539,288,251
2027,157,Fort Bend County,35,35 yrs,16896,8609,8287,3916,2061,1855,3185,1616,1569,4301,2127,2174,5033,2561,2472,461,244,217
2027,157,Fort Bend County,36,36 yrs,15162,7608,7554,2825,1464,1361,2776,1455,1321,4274,2115,2159,4929,2386,2543,358,188,170
2027,157,Fort Bend County,37,37 yrs,14821,7290,7531,2592,1343,1249,2511,1254,1257,4172,2029,2143,5231,2471,2760,315,193,122
2027,157,Fort Bend County,38,38 yrs,14117,7225,6892,2708,1403,1305,2279,1146,1133,3948,1988,1960,4911,2538,2373,271,150,121
2027,157,Fort Bend County,39,39 yrs,13944,6946,6998,2875,1439,1436,2049,916,1133,3775,1983,1792,4980,2468,2512,265,140,125
2027,157,Fort Bend County,40,40 yrs,14112,7263,6849,3096,1537,1559,2008,986,1022,3909,1995,1914,4782,2586,2196,317,159,158
2027,157,Fort Bend County,41,41 yrs,14008,7078,6930,3138,1610,1528,1959,920,1039,3878,2022,1856,4774,2393,2381,259,133,126
2027,157,Fort Bend County,42,42 yrs,14492,7353,7139,3439,1696,1743,1948,906,1042,3807,1882,1925,5074,2745,2329,224,124,100
2027,157,Fort Bend County,43,43 yrs,13295,6499,6796,3108,1517,1591,1850,838,1012,3544,1754,1790,4518,2261,2257,275,129,146
2027,157,Fort Bend County,44,44 yrs,13686,6776,6910,3482,1718,1764,1902,888,1014,3833,1907,1926,4220,2144,2076,249,119,130
2027,157,Fort Bend County,45,45 yrs,13388,6774,6614,3462,1699,1763,1907,867,1040,3697,1932,1765,4047,2150,1897,275,126,149
2027,157,Fort Bend County,46,46 yrs,13234,6531,6703,3599,1778,1821,2005,902,1103,3696,1823,1873,3616,1884,1732,318,144,174
2027,157,Fort Bend County,47,47 yrs,13234,6419,6815,3654,1779,1875,2223,967,1256,3462,1749,1713,3619,1794,1825,276,130,146
2027,157,Fort Bend County,48,48 yrs,12457,6008,6449,3580,1754,1826,2046,854,1192,3295,1670,1625,3231,1594,1637,305,136,169
2027,157,Fort Bend County,49,49 yrs,12411,6044,6367,3585,1757,1828,2048,876,1172,3334,1706,1628,3136,1560,1576,308,145,163
2027,157,Fort Bend County,50,50 yrs,12322,5795,6527,3611,1764,1847,2160,925,1235,3261,1571,1690,3035,1438,1597,255,97,158
2027,157,Fort Bend County,51,51 yrs,12198,5827,6371,3499,1720,1779,2136,888,1248,3253,1605,1648,3011,1453,1558,299,161,138
2027,157,Fort Bend County,52,52 yrs,12848,6069,6779,3896,1872,2024,2269,956,1313,3285,1646,1639,3070,1418,1652,328,177,151
2027,157,Fort Bend County,53,53 yrs,12420,5885,6535,3732,1873,1859,2388,991,1397,2930,1423,1507,3052,1434,1618,318,164,154
2027,157,Fort Bend County,54,54 yrs,12878,6105,6773,3960,1933,2027,2508,1050,1458,3019,1467,1552,3095,1514,1581,296,141,155
2027,157,Fort Bend County,55,55 yrs,13201,6131,7070,4394,2110,2284,2582,1075,1507,2957,1418,1539,2972,1368,1604,296,160,136
2027,157,Fort Bend County,56,56 yrs,13507,6418,7089,4737,2331,2406,2679,1124,1555,2885,1423,1462,2901,1365,1536,305,175,130
2027,157,Fort Bend County,57,57 yrs,13052,6067,6985,4767,2289,2478,2438,986,1452,2834,1382,1452,2721,1252,1469,292,158,134
2027,157,Fort Bend County,58,58 yrs,12242,5724,6518,4411,2100,2311,2332,984,1348,2568,1270,1298,2634,1216,1418,297,154,143
2027,157,Fort Bend County,59,59 yrs,11711,5528,6183,4352,2201,2151,2269,952,1317,2478,1183,1295,2386,1098,1288,226,94,132
2027,157,Fort Bend County,60,60 yrs,11656,5586,6070,4425,2204,2221,2184,927,1257,2345,1156,1189,2460,1176,1284,242,123,119
2027,157,Fort Bend County,61,61 yrs,11685,5540,6145,4323,2105,2218,2188,933,1255,2428,1173,1255,2503,1206,1297,243,123,120
2027,157,Fort Bend County,62,62 yrs,11664,5524,6140,4635,2295,2340,2183,889,1294,2314,1113,1201,2260,1093,1167,272,134,138
2027,157,Fort Bend County,63,63 yrs,11680,5297,6383,4587,2117,2470,2179,844,1335,2229,1022,1207,2432,1187,1245,253,127,126
2027,157,Fort Bend County,64,64 yrs,11839,5576,6263,4868,2422,2446,2123,870,1253,2129,976,1153,2463,1173,1290,256,135,121
2027,157,Fort Bend County,65,65 yrs,11291,5250,6041,4929,2361,2568,1996,815,1181,1987,928,1059,2109,1019,1090,270,127,143
2027,157,Fort Bend County,66,66 yrs,11503,5193,6310,5013,2337,2676,2090,871,1219,1886,845,1041,2263,1031,1232,251,109,142
2027,157,Fort Bend County,67,67 yrs,11863,5599,6264,5423,2668,2755,2092,893,1199,1870,887,983,2241,1027,1214,237,124,113
2027,157,Fort Bend County,68,68 yrs,11609,5353,6256,5554,2651,2903,1979,801,1178,1770,819,951,2084,968,1116,222,114,108
2027,157,Fort Bend County,69,69 yrs,11390,5334,6056,5470,2719,2751,1978,786,1192,1711,758,953,2019,956,1063,212,115,97
2027,157,Fort Bend County,70,70 yrs,10990,5166,5824,5352,2665,2687,1874,756,1118,1601,717,884,1941,928,1013,222,100,122
2027,157,Fort Bend County,71,71 yrs,10501,5026,5475,4872,2441,2431,1805,754,1051,1544,716,828,2032,988,1044,248,127,121
2027,157,Fort Bend County,72,72 yrs,9885,4534,5351,4608,2212,2396,1813,738,1075,1391,590,801,1857,895,962,216,99,117
2027,157,Fort Bend County,73,73 yrs,8936,4156,4780,4200,2071,2129,1568,591,977,1279,533,746,1713,873,840,176,88,88
2027,157,Fort Bend County,74,74 yrs,8715,4014,4701,4053,1943,2110,1501,581,920,1179,517,662,1794,889,905,188,84,104
2027,157,Fort Bend County,75,75 yrs,8072,3658,4414,3865,1930,1935,1406,478,928,1120,491,629,1492,685,807,189,74,115
2027,157,Fort Bend County,76,76 yrs,7322,3348,3974,3409,1642,1767,1227,490,737,954,421,533,1576,729,847,156,66,90
2027,157,Fort Bend County,77,77 yrs,7076,3272,3804,3272,1589,1683,1192,476,716,945,417,528,1512,730,782,155,60,95
2027,157,Fort Bend County,78,78 yrs,6291,2883,3408,2947,1428,1519,1105,414,691,802,353,449,1295,617,678,142,71,71
2027,157,Fort Bend County,79,79 yrs,5979,2718,3261,2976,1436,1540,941,367,574,768,304,464,1162,546,616,132,65,67
2027,157,Fort Bend County,80,80 yrs,5580,2554,3026,2908,1404,1504,801,289,512,683,287,396,1058,513,545,130,61,69
2027,157,Fort Bend County,81,81 yrs,4060,1847,2213,1885,894,991,580,232,348,600,245,355,924,441,483,71,35,36
2027,157,Fort Bend County,82,82 yrs,3751,1657,2094,1814,830,984,519,189,330,498,205,293,836,393,443,84,40,44
2027,157,Fort Bend County,83,83 yrs,3345,1485,1860,1672,795,877,461,149,312,444,164,280,711,351,360,57,26,31
2027,157,Fort Bend County,84,84 yrs,2898,1318,1580,1456,677,779,359,131,228,400,149,251,634,342,292,49,19,30
2027,157,Fort Bend County,85,85 yrs,2338,1044,1294,1140,516,624,281,98,183,320,137,183,544,274,270,53,19,34
2027,157,Fort Bend County,86,86 yrs,2068,852,1216,961,418,543,253,83,170,326,117,209,495,225,270,33,9,24
2027,157,Fort Bend County,87,87 yrs,1765,761,1004,831,361,470,193,65,128,284,104,180,426,218,208,31,13,18
2027,157,Fort Bend County,88,88 yrs,1451,591,860,709,298,411,163,54,109,231,68,163,330,165,165,18,6,12
2027,157,Fort Bend County,89,89 yrs,1223,477,746,585,233,352,132,33,99,215,71,144,279,138,141,12,2,10
2027,157,Fort Bend County,90,90 yrs,971,368,603,452,188,264,102,26,76,178,48,130,233,104,129,6,2,4
2027,157,Fort Bend County,91,91 yrs,848,298,550,405,153,252,82,21,61,159,41,118,198,82,116,4,1,3
2027,157,Fort Bend County,92,92 yrs,639,241,398,303,112,191,62,18,44,122,41,81,147,69,78,5,1,4
2027,157,Fort Bend County,93,93 yrs,469,164,305,229,79,150,52,13,39,91,24,67,94,47,47,3,1,2
2027,157,Fort Bend County,94,94 yrs,397,128,269,195,63,132,43,9,34,80,22,58,77,33,44,2,1,1
2027,157,Fort Bend County,95,95+ yrs,1051,312,739,475,140,335,102,19,83,263,67,196,207,85,122,4,1,3
2028,157,Fort Bend County,-1,All Ages,1121283,551301,569982,333547,167108,166439,197260,91720,105540,280814,138154,142660,272519,135808,136711,37143,18511,18632
2028,157,Fort Bend County,0,< 1 yr,15388,7839,7549,3497,1783,1714,2675,1363,1312,4955,2527,2428,3238,1646,1592,1023,520,503
2028,157,Fort Bend County,1,1 yr,15430,7878,7552,3463,1767,1696,2674,1361,1313,4960,2528,2432,3338,1716,1622,995,506,489
2028,157,Fort Bend County,2,2 yrs,15504,7910,7594,3434,1754,1680,2688,1365,1323,4978,2538,2440,3436,1765,1671,968,488,480
2028,157,Fort Bend County,3,3 yrs,15562,7960,7602,3397,1735,1662,2697,1370,1327,4993,2544,2449,3534,1834,1700,941,477,464
2028,157,Fort Bend County,4,4 yrs,15584,7966,7618,3351,1714,1637,2696,1366,1330,5000,2549,2451,3626,1881,1745,911,456,455
2028,157,Fort Bend County,5,5 yrs,15588,7992,7596,3295,1688,1607,2694,1364,1330,5002,2550,2452,3714,1946,1768,883,444,439
2028,157,Fort Bend County,6,6 yrs,15428,7894,7534,3240,1659,1581,2681,1354,1327,4966,2535,2431,3693,1924,1769,848,422,426
2028,157,Fort Bend County,7,7 yrs,15267,7832,7435,3195,1639,1556,2664,1346,1318,4926,2518,2408,3663,1920,1743,819,409,410
2028,157,Fort Bend County,8,8 yrs,15100,7732,7368,3153,1617,1536,2640,1329,1311,4885,2502,2383,3633,1892,1741,789,392,397
2028,157,Fort Bend County,9,9 yrs,14944,7666,7278,3126,1605,1521,2612,1314,1298,4845,2485,2360,3598,1884,1714,763,378,385
2028,157,Fort Bend County,10,10 yrs,14791,7574,7217,3109,1598,1511,2580,1294,1286,4808,2469,2339,3560,1852,1708,734,361,373
2028,157,Fort Bend County,11,11 yrs,14582,7486,7096,3145,1619,1526,2556,1284,1272,4729,2427,2302,3441,1804,1637,711,352,359
2028,157,Fort Bend County,12,12 yrs,14390,7368,7022,3186,1643,1543,2528,1266,1262,4654,2385,2269,3329,1736,1593,693,338,355
2028,157,Fort Bend County,13,13 yrs,14206,7294,6912,3230,1669,1561,2501,1255,1246,4582,2345,2237,3219,1693,1526,674,332,342
2028,157,Fort Bend County,14,14 yrs,14035,7190,6845,3278,1694,1584,2473,1240,1233,4512,2307,2205,3119,1629,1490,653,320,333
2028,157,Fort Bend County,15,15 yrs,13837,7089,6748,3310,1709,1601,2434,1216,1218,4433,2261,2172,3024,1591,1433,636,312,324
2028,157,Fort Bend County,16,16 yrs,13657,6988,6669,3400,1762,1638,2407,1202,1205,4286,2187,2099,2949,1537,1412,615,300,315
2028,157,Fort Bend County,17,17 yrs,13377,6858,6519,3461,1798,1663,2355,1177,1178,4124,2102,2022,2853,1493,1360,584,288,296
2028,157,Fort Bend County,18,18 yrs,13260,6943,6317,3739,2104,1635,2230,1115,1115,3917,1977,1940,2819,1473,1346,555,274,281
2028,157,Fort Bend County,19,19 yrs,12593,6480,6113,3573,1909,1664,2348,1174,1174,3595,1804,1791,2532,1303,1229,545,290,255
2028,157,Fort Bend County,20,20 yrs,12716,6575,6141,3575,1911,1664,2443,1247,1196,3493,1805,1688,2688,1367,1321,517,245,272
2028,157,Fort Bend County,21,21 yrs,13177,6693,6484,3674,1940,1734,2619,1301,1318,3594,1795,1799,2736,1394,1342,554,263,291
2028,157,Fort Bend County,22,22 yrs,13501,6980,6521,3937,2152,1785,2655,1375,1280,3534,1790,1744,2851,1415,1436,524,248,276
2028,157,Fort Bend County,23,23 yrs,14017,7022,6995,4113,2182,1931,2743,1314,1429,3647,1817,1830,2939,1425,1514,575,284,291
2028,157,Fort Bend County,24,24 yrs,14730,7332,7398,4359,2202,2157,2940,1453,1487,3630,1802,1828,3169,1556,1613,632,319,313
2028,157,Fort Bend County,25,25 yrs,14955,7441,7514,4361,2180,2181,3043,1585,1458,3708,1780,1928,3282,1635,1647,561,261,300
2028,157,Fort Bend County,26,26 yrs,15150,7777,7373,4521,2388,2133,3025,1542,1483,3792,1827,1965,3224,1697,1527,588,323,265
2028,157,Fort Bend County,27,27 yrs,16044,8067,7977,4616,2416,2200,3287,1629,1658,3851,1850,2001,3650,1847,1803,640,325,315
2028,157,Fort Bend County,28,28 yrs,16352,8245,8107,4876,2656,2220,3319,1677,1642,3959,1904,2055,3572,1687,1885,626,321,305
2028,157,Fort Bend County,29,29 yrs,16415,7998,8417,4553,2381,2172,3329,1659,1670,4109,1910,2199,3798,1744,2054,626,304,322
2028,157,Fort Bend County,30,30 yrs,16835,8254,8581,4514,2348,2166,3436,1658,1778,4066,1946,2120,4204,2007,2197,615,295,320
2028,157,Fort Bend County,31,31 yrs,17115,8536,8579,4752,2509,2243,3370,1718,1652,3991,1903,2088,4457,2126,2331,545,280,265
2028,157,Fort Bend County,32,32 yrs,17587,8821,8766,4781,2516,2265,3439,1712,1727,4160,1982,2178,4658,2324,2334,549,287,262
2028,157,Fort Bend County,33,33 yrs,17920,8825,9095,4599,2388,2211,3408,1644,1764,4279,2071,2208,5063,2421,2642,571,301,270
2028,157,Fort Bend County,34,34 yrs,18545,9129,9416,4727,2412,2315,3424,1728,1696,4521,2114,2407,5329,2599,2730,544,276,268
2028,157,Fort Bend County,35,35 yrs,19168,9785,9383,4574,2436,2138,3594,1865,1729,4643,2216,2427,5797,2969,2828,560,299,261
2028,157,Fort Bend County,36,36 yrs,17511,8951,8560,4010,2112,1898,3246,1646,1600,4438,2198,2240,5333,2736,2597,484,259,225
2028,157,Fort Bend County,37,37 yrs,15727,7910,7817,2892,1499,1393,2827,1481,1346,4413,2186,2227,5223,2549,2674,372,195,177
2028,157,Fort Bend County,38,38 yrs,15383,7588,7795,2654,1377,1277,2553,1273,1280,4304,2095,2209,5544,2641,2903,328,202,126
2028,157,Fort Bend County,39,39 yrs,14656,7528,7128,2771,1437,1334,2317,1165,1152,4074,2056,2018,5211,2712,2499,283,158,125
2028,157,Fort Bend County,40,40 yrs,14494,7246,7248,2947,1475,1472,2089,933,1156,3899,2050,1849,5283,2641,2642,276,147,129
2028,157,Fort Bend County,41,41 yrs,14445,7456,6989,3168,1573,1595,2038,999,1039,3975,2035,1940,4935,2684,2251,329,165,164
2028,157,Fort Bend County,42,42 yrs,14328,7258,7070,3209,1648,1561,1983,929,1054,3943,2061,1882,4924,2482,2442,269,138,131
2028,157,Fort Bend County,43,43 yrs,14826,7547,7279,3515,1734,1781,1972,917,1055,3867,1916,1951,5237,2849,2388,235,131,104
2028,157,Fort Bend County,44,44 yrs,13592,6661,6931,3173,1549,1624,1874,847,1027,3604,1789,1815,4656,2342,2314,285,134,151
2028,157,Fort Bend County,45,45 yrs,14014,6967,7047,3568,1766,1802,1932,904,1028,3899,1946,1953,4357,2227,2130,258,124,134
2028,157,Fort Bend County,46,46 yrs,13601,6877,6724,3528,1729,1799,1925,872,1053,3739,1955,1784,4124,2190,1934,285,131,154
2028,157,Fort Bend County,47,47 yrs,13458,6645,6813,3675,1817,1858,2031,914,1117,3739,1845,1894,3685,1920,1765,328,149,179
2028,157,Fort Bend County,48,48 yrs,13444,6521,6923,3725,1813,1912,2243,973,1270,3501,1771,1730,3688,1828,1860,287,136,151
2028,157,Fort Bend County,49,49 yrs,12647,6097,6550,3648,1786,1862,2064,860,1204,3331,1689,1642,3290,1623,1667,314,139,175
2028,157,Fort Bend County,50,50 yrs,12613,6146,6467,3658,1794,1864,2065,881,1184,3373,1728,1645,3196,1590,1606,321,153,168
2028,157,Fort Bend County,51,51 yrs,12471,5857,6614,3676,1796,1880,2172,926,1246,3276,1576,1700,3084,1458,1626,263,101,162
2028,157,Fort Bend County,52,52 yrs,12341,5886,6455,3560,1750,1810,2149,891,1258,3264,1606,1658,3058,1471,1587,310,168,142
2028,157,Fort Bend County,53,53 yrs,12992,6125,6867,3962,1904,2058,2279,956,1323,3296,1647,1649,3118,1436,1682,337,182,155
2028,157,Fort Bend County,54,54 yrs,12558,5941,6617,3788,1899,1889,2400,993,1407,2939,1424,1515,3100,1453,1647,331,172,159
2028,157,Fort Bend County,55,55 yrs,13075,6180,6895,4054,1973,2081,2529,1053,1476,3035,1471,1564,3147,1534,1613,310,149,161
2028,157,Fort Bend County,56,56 yrs,13365,6194,7171,4466,2143,2323,2588,1072,1516,2979,1427,1552,3027,1387,1640,305,165,140
2028,157,Fort Bend County,57,57 yrs,13670,6483,7187,4810,2364,2446,2682,1120,1562,2908,1434,1474,2954,1383,1571,316,182,134
2028,157,Fort Bend County,58,58 yrs,13207,6127,7080,4841,2323,2518,2438,979,1459,2855,1392,1463,2773,1270,1503,300,163,137
2028,157,Fort Bend County,59,59 yrs,12381,5774,6607,4476,2127,2349,2335,980,1355,2584,1277,1307,2681,1231,1450,305,159,146
2028,157,Fort Bend County,60,60 yrs,11850,5584,6266,4422,2235,2187,2269,947,1322,2493,1189,1304,2432,1114,1318,234,99,135
2028,157,Fort Bend County,61,61 yrs,11813,5643,6170,4489,2232,2257,2182,919,1263,2368,1157,1211,2526,1209,1317,248,126,122
2028,157,Fort Bend County,62,62 yrs,11836,5594,6242,4383,2131,2252,2183,924,1259,2450,1172,1278,2570,1240,1330,250,127,123
2028,157,Fort Bend County,63,63 yrs,11803,5570,6233,4697,2321,2376,2176,878,1298,2335,1113,1222,2317,1122,1195,278,136,142
2028,157,Fort Bend County,64,64 yrs,11814,5341,6473,4642,2136,2506,2171,835,1336,2247,1021,1226,2495,1219,1276,259,130,129
2028,157,Fort Bend County,65,65 yrs,11970,5618,6352,4924,2444,2480,2113,858,1255,2141,971,1170,2529,1207,1322,263,138,125
2028,157,Fort Bend County,66,66 yrs,11420,5298,6122,4991,2387,2604,1998,810,1188,2005,933,1072,2146,1037,1109,280,131,149
2028,157,Fort Bend County,67,67 yrs,11616,5229,6387,5069,2359,2710,2087,864,1223,1903,848,1055,2297,1046,1251,260,112,148
2028,157,Fort Bend County,68,68 yrs,11965,5632,6333,5478,2690,2788,2088,884,1204,1885,890,995,2269,1040,1229,245,128,117
2028,157,Fort Bend County,69,69 yrs,11691,5372,6319,5603,2668,2935,1972,791,1181,1781,819,962,2107,978,1129,228,116,112
2028,157,Fort Bend County,70,70 yrs,11459,5350,6109,5512,2733,2779,1969,777,1192,1721,758,963,2039,964,1075,218,118,100
2028,157,Fort Bend County,71,71 yrs,11051,5177,5874,5381,2672,2709,1863,745,1118,1605,714,891,1974,944,1030,228,102,126
2028,157,Fort Bend County,72,72 yrs,10537,5022,5515,4890,2443,2447,1791,741,1050,1545,712,833,2057,997,1060,254,129,125
2028,157,Fort Bend County,73,73 yrs,9896,4519,5377,4620,2211,2409,1791,722,1069,1389,585,804,1875,901,974,221,100,121
2028,157,Fort Bend County,74,74 yrs,8932,4131,4801,4200,2062,2138,1550,578,972,1275,527,748,1728,876,852,179,88,91
2028,157,Fort Bend County,75,75 yrs,8689,3980,4709,4044,1931,2113,1478,565,913,1172,510,662,1803,889,914,192,85,107
2028,157,Fort Bend County,76,76 yrs,8083,3647,4436,3875,1929,1946,1394,468,926,1104,482,622,1518,694,824,192,74,118
2028,157,Fort Bend County,77,77 yrs,7307,3324,3983,3406,1635,1771,1209,477,732,937,412,525,1596,734,862,159,66,93
2028,157,Fort Bend County,78,78 yrs,7034,3235,3799,3257,1575,1682,1173,462,711,926,406,520,1520,731,789,158,61,97
2028,157,Fort Bend County,79,79 yrs,6230,2836,3394,2925,1411,1514,1081,400,681,781,341,440,1300,613,687,143,71,72
2028,157,Fort Bend County,80,80 yrs,5895,2664,3231,2939,1411,1528,916,352,564,745,293,452,1164,544,620,131,64,67
2028,157,Fort Bend County,81,81 yrs,5454,2480,2974,2822,1352,1470,767,272,495,678,280,398,1058,516,542,129,60,69
2028,157,Fort Bend County,82,82 yrs,3946,1781,2165,1818,855,963,551,216,335,593,238,355,915,439,476,69,33,36
2028,157,Fort Bend County,83,83 yrs,3626,1587,2039,1739,788,951,491,175,316,488,197,291,828,390,438,80,37,43
2028,157,Fort Bend County,84,84 yrs,3215,1414,1801,1591,749,842,436,138,298,433,156,277,701,347,354,54,24,30
2028,157,Fort Bend County,85,85 yrs,2768,1246,1522,1376,633,743,337,120,217,388,141,247,621,335,286,46,17,29
2028,157,Fort Bend County,86,86 yrs,2194,969,1225,1067,477,590,256,87,169,307,129,178,517,260,257,47,16,31
2028,157,Fort Bend County,87,87 yrs,1931,787,1144,892,383,509,231,75,156,310,109,201,468,212,256,30,8,22
2028,157,Fort Bend County,88,88 yrs,1625,690,935,761,325,436,173,56,117,268,96,172,396,202,194,27,11,16
2028,157,Fort Bend County,89,89 yrs,1320,528,792,640,264,376,145,47,98,217,62,155,303,150,153,15,5,10
2028,157,Fort Bend County,90,90 yrs,1101,422,679,521,203,318,116,28,88,198,64,134,255,125,130,11,2,9
2028,157,Fort Bend County,91,91 yrs,859,320,539,394,161,233,88,21,67,161,43,118,212,94,118,4,1,3
2028,157,Fort Bend County,92,92 yrs,737,253,484,347,128,219,70,17,53,141,35,106,176,72,104,3,1,2
2028,157,Fort Bend County,93,93 yrs,544,201,343,254,91,163,52,15,37,105,34,71,129,60,69,4,1,3
2028,157,Fort Bend County,94,94 yrs,387,132,255,186,62,124,41,9,32,78,20,58,80,40,40,2,1,1
2028,157,Fort Bend County,95,95+ yrs,1136,341,795,504,150,354,114,21,93,279,71,208,235,98,137,4,1,3
2029,157,Fort Bend County,-1,All Ages,1161639,571276,590363,341548,171118,170430,201958,93875,108083,291162,143131,148031,287579,143495,144084,39392,19657,19735
2029,157,Fort Bend County,0,< 1 yr,15847,8088,7759,3587,1829,1758,2701,1379,1322,5096,2599,2497,3390,1733,1657,1073,548,525
2029,157,Fort Bend County,1,1 yr,15922,8114,7808,3565,1818,1747,2710,1378,1332,5106,2602,2504,3495,1786,1709,1046,530,516
2029,157,Fort Bend County,2,2 yrs,16051,8203,7848,3549,1812,1737,2734,1390,1344,5132,2616,2516,3612,1866,1746,1024,519,505
2029,157,Fort Bend County,3,3 yrs,16133,8239,7894,3519,1799,1720,2747,1393,1354,5151,2626,2525,3719,1920,1799,997,501,496
2029,157,Fort Bend County,4,4 yrs,16199,8294,7905,3481,1779,1702,2757,1399,1358,5167,2633,2534,3825,1994,1831,969,489,480
2029,157,Fort Bend County,5,5 yrs,16228,8305,7923,3434,1758,1676,2757,1396,1361,5174,2637,2537,3924,2045,1879,939,469,470
2029,157,Fort Bend County,6,6 yrs,16085,8249,7836,3377,1731,1646,2752,1391,1361,5141,2625,2516,3907,2047,1860,908,455,453
2029,157,Fort Bend County,7,7 yrs,15919,8148,7771,3320,1701,1619,2739,1381,1358,5104,2610,2494,3885,2024,1861,871,432,439
2029,157,Fort Bend County,8,8 yrs,15756,8086,7670,3275,1682,1593,2722,1373,1349,5065,2593,2472,3853,2019,1834,841,419,422
2029,157,Fort Bend County,9,9 yrs,15582,7980,7602,3232,1659,1573,2698,1356,1342,5021,2575,2446,3821,1990,1831,810,400,410
2029,157,Fort Bend County,10,10 yrs,15422,7914,7508,3205,1647,1558,2668,1340,1328,4981,2559,2422,3785,1981,1804,783,387,396
2029,157,Fort Bend County,11,11 yrs,15190,7781,7409,3224,1660,1564,2647,1327,1320,4899,2513,2386,3662,1908,1754,758,373,385
2029,157,Fort Bend County,12,12 yrs,14971,7687,7284,3260,1681,1579,2621,1316,1305,4818,2470,2348,3539,1858,1681,733,362,371
2029,157,Fort Bend County,13,13 yrs,14771,7564,7207,3301,1705,1596,2593,1298,1295,4740,2426,2314,3423,1787,1636,714,348,366
2029,157,Fort Bend County,14,14 yrs,14578,7486,7092,3346,1732,1614,2563,1286,1277,4667,2385,2282,3307,1741,1566,695,342,353
2029,157,Fort Bend County,15,15 yrs,14368,7346,7022,3381,1744,1637,2529,1262,1267,4592,2343,2249,3196,1670,1526,670,327,343
2029,157,Fort Bend County,16,16 yrs,14148,7257,6891,3457,1794,1663,2491,1246,1245,4437,2263,2174,3110,1633,1477,653,321,332
2029,157,Fort Bend County,17,17 yrs,13813,7068,6745,3503,1819,1684,2427,1212,1215,4273,2180,2093,2996,1557,1439,614,300,314
2029,157,Fort Bend County,18,18 yrs,12883,6656,6227,3278,1740,1538,2259,1148,1111,4003,2044,1959,2757,1438,1319,586,286,300
2029,157,Fort Bend County,19,19 yrs,12498,6539,5959,3389,1902,1487,2138,1075,1063,3715,1879,1836,2694,1406,1288,562,277,285
2029,157,Fort Bend County,20,20 yrs,12964,6686,6278,3708,1998,1710,2444,1226,1218,3637,1822,1815,2606,1340,1266,569,300,269
2029,157,Fort Bend County,21,21 yrs,13154,6754,6400,3614,1922,1692,2530,1279,1251,3576,1832,1744,2894,1463,1431,540,258,282
2029,157,Fort Bend County,22,22 yrs,13754,6922,6832,3792,1986,1806,2720,1339,1381,3687,1819,1868,2974,1498,1476,581,280,301
2029,157,Fort Bend County,23,23 yrs,14272,7340,6932,4202,2280,1922,2752,1421,1331,3631,1824,1807,3137,1555,1582,550,260,290
2029,157,Fort Bend County,24,24 yrs,14618,7300,7318,4276,2268,2008,2818,1343,1475,3759,1859,1900,3161,1532,1629,604,298,306
2029,157,Fort Bend County,25,25 yrs,15359,7612,7747,4533,2292,2241,3038,1495,1543,3719,1832,1887,3406,1657,1749,663,336,327
2029,157,Fort Bend County,26,26 yrs,15763,7826,7937,4533,2264,2269,3122,1625,1497,3904,1862,2042,3615,1800,1815,589,275,314
2029,157,Fort Bend County,27,27 yrs,15880,8121,7759,4640,2457,2183,3100,1576,1524,3985,1908,2077,3540,1840,1700,615,340,275
2029,157,Fort Bend County,28,28 yrs,16889,8478,8411,4785,2514,2271,3358,1667,1691,4048,1933,2115,4029,2023,2006,669,341,328
2029,157,Fort Bend County,29,29 yrs,17106,8561,8545,4970,2698,2272,3393,1709,1684,4151,1981,2170,3940,1838,2102,652,335,317
2029,157,Fort Bend County,30,30 yrs,17159,8292,8867,4667,2438,2229,3392,1684,1708,4310,1988,2322,4136,1864,2272,654,318,336
2029,157,Fort Bend County,31,31 yrs,17757,8739,9018,4655,2423,2232,3516,1690,1826,4265,2042,2223,4676,2273,2403,645,311,334
2029,157,Fort Bend County,32,32 yrs,17946,8959,8987,4874,2576,2298,3439,1753,1686,4176,1990,2186,4891,2347,2544,566,293,273
2029,157,Fort Bend County,33,33 yrs,18456,9280,9176,4901,2581,2320,3511,1745,1766,4346,2067,2279,5126,2587,2539,572,300,272
2029,157,Fort Bend County,34,34 yrs,18791,9274,9517,4711,2445,2266,3476,1676,1800,4467,2163,2304,5542,2673,2869,595,317,278
2029,157,Fort Bend County,35,35 yrs,19445,9582,9863,4838,2470,2368,3487,1754,1733,4724,2207,2517,5831,2864,2967,565,287,278
2029,157,Fort Bend County,36,36 yrs,19854,10164,9690,4682,2496,2186,3660,1898,1762,4790,2289,2501,6134,3164,2970,588,317,271
2029,157,Fort Bend County,37,37 yrs,18144,9298,8846,4103,2162,1941,3305,1675,1630,4583,2272,2311,5650,2920,2730,503,269,234
2029,157,Fort Bend County,38,38 yrs,16308,8224,8084,2959,1536,1423,2875,1505,1370,4553,2257,2296,5533,2721,2812,388,205,183
2029,157,Fort Bend County,39,39 yrs,15970,7905,8065,2717,1412,1305,2595,1293,1302,4442,2167,2275,5874,2821,3053,342,212,130
2029,157,Fort Bend County,40,40 yrs,15230,7849,7381,2839,1472,1367,2362,1187,1175,4206,2124,2082,5529,2900,2629,294,166,128
2029,157,Fort Bend County,41,41 yrs,14837,7439,7398,3015,1509,1506,2121,945,1176,3964,2090,1874,5449,2741,2708,288,154,134
2029,157,Fort Bend County,42,42 yrs,14782,7651,7131,3241,1611,1630,2065,1010,1055,4041,2075,1966,5092,2783,2309,343,172,171
2029,157,Fort Bend County,43,43 yrs,14658,7446,7212,3283,1686,1597,2009,941,1068,4006,2099,1907,5079,2575,2504,281,145,136
2029,157,Fort Bend County,44,44 yrs,15163,7739,7424,3590,1771,1819,1996,926,1070,3932,1954,1978,5401,2952,2449,244,136,108
2029,157,Fort Bend County,45,45 yrs,13923,6855,7068,3252,1593,1659,1903,862,1041,3666,1826,1840,4806,2434,2372,296,140,156
2029,157,Fort Bend County,46,46 yrs,14233,7071,7162,3635,1797,1838,1948,908,1040,3943,1969,1974,4439,2268,2171,268,129,139
2029,157,Fort Bend County,47,47 yrs,13836,7000,6836,3603,1768,1835,1951,885,1066,3783,1979,1804,4205,2233,1972,294,135,159
2029,157,Fort Bend County,48,48 yrs,13673,6751,6922,3747,1852,1895,2048,920,1128,3782,1868,1914,3755,1955,1800,341,156,185
2029,157,Fort Bend County,49,49 yrs,13651,6619,7032,3797,1846,1951,2262,980,1282,3539,1791,1748,3757,1862,1895,296,140,156
2029,157,Fort Bend County,50,50 yrs,12851,6200,6651,3722,1823,1899,2081,865,1216,3369,1711,1658,3352,1654,1698,327,147,180
2029,157,Fort Bend County,51,51 yrs,12770,6216,6554,3725,1828,1897,2076,882,1194,3388,1734,1654,3249,1613,1636,332,159,173
2029,157,Fort Bend County,52,52 yrs,12612,5913,6699,3739,1827,1912,2184,928,1256,3286,1577,1709,3131,1476,1655,272,105,167
2029,157,Fort Bend County,53,53 yrs,12478,5941,6537,3620,1780,1840,2159,891,1268,3275,1607,1668,3106,1490,1616,318,173,145
2029,157,Fort Bend County,54,54 yrs,13135,6182,6953,4023,1931,2092,2291,958,1333,3305,1648,1657,3166,1454,1712,350,191,159
2029,157,Fort Bend County,55,55 yrs,12750,6016,6734,3881,1940,1941,2418,995,1423,2954,1428,1526,3151,1472,1679,346,181,165
2029,157,Fort Bend County,56,56 yrs,13236,6245,6991,4122,2005,2117,2534,1050,1484,3058,1481,1577,3203,1555,1648,319,154,165
2029,157,Fort Bend County,57,57 yrs,13527,6256,7271,4536,2174,2362,2593,1069,1524,3000,1436,1564,3084,1406,1678,314,171,143
2029,157,Fort Bend County,58,58 yrs,13831,6547,7284,4886,2400,2486,2683,1113,1570,2928,1444,1484,3009,1402,1607,325,188,137
2029,157,Fort Bend County,59,59 yrs,13355,6180,7175,4912,2353,2559,2441,975,1466,2872,1399,1473,2821,1285,1536,309,168,141
2029,157,Fort Bend County,60,60 yrs,12527,5832,6695,4545,2158,2387,2336,976,1360,2599,1284,1315,2731,1248,1483,316,166,150
2029,157,Fort Bend County,61,61 yrs,12005,5638,6367,4485,2264,2221,2266,938,1328,2516,1190,1326,2497,1145,1352,241,101,140
2029,157,Fort Bend County,62,62 yrs,11966,5699,6267,4551,2259,2292,2177,910,1267,2388,1156,1232,2595,1244,1351,255,130,125
2029,157,Fort Bend County,63,63 yrs,11978,5642,6336,4441,2155,2286,2175,913,1262,2472,1172,1300,2635,1273,1362,255,129,126
2029,157,Fort Bend County,64,64 yrs,11937,5617,6320,4754,2344,2410,2167,868,1299,2353,1112,1241,2377,1153,1224,286,140,146
2029,157,Fort Bend County,65,65 yrs,11944,5383,6561,4696,2155,2541,2159,823,1336,2260,1016,1244,2563,1255,1308,266,134,132
2029,157,Fort Bend County,66,66 yrs,12105,5670,6435,4984,2470,2514,2113,852,1261,2162,977,1185,2573,1228,1345,273,143,130
2029,157,Fort Bend County,67,67 yrs,11533,5337,6196,5047,2410,2637,1995,803,1192,2023,937,1086,2178,1052,1126,290,135,155
2029,157,Fort Bend County,68,68 yrs,11717,5260,6457,5121,2379,2742,2084,857,1227,1919,851,1068,2324,1058,1266,269,115,154
2029,157,Fort Bend County,69,69 yrs,12047,5649,6398,5526,2707,2819,2081,874,1207,1895,889,1006,2292,1048,1244,253,131,122
2029,157,Fort Bend County,70,70 yrs,11766,5387,6379,5646,2681,2965,1965,782,1183,1790,818,972,2130,987,1143,235,119,116
2029,157,Fort Bend County,71,71 yrs,11523,5363,6160,5543,2741,2802,1958,766,1192,1723,754,969,2074,981,1093,225,121,104
2029,157,Fort Bend County,72,72 yrs,11089,5173,5916,5402,2674,2728,1847,731,1116,1606,710,896,2000,954,1046,234,104,130
2029,157,Fort Bend County,73,73 yrs,10550,5005,5545,4901,2441,2460,1769,724,1045,1543,706,837,2077,1003,1074,260,131,129
2029,157,Fort Bend County,74,74 yrs,9894,4491,5403,4622,2203,2419,1769,705,1064,1386,578,808,1891,904,987,226,101,125
2029,157,Fort Bend County,75,75 yrs,8906,4098,4808,4192,2050,2142,1528,563,965,1268,520,748,1736,876,860,182,89,93
2029,157,Fort Bend County,76,76 yrs,8703,3971,4732,4056,1931,2125,1462,553,909,1155,501,654,1835,901,934,195,85,110
2029,157,Fort Bend County,77,77 yrs,8063,3620,4443,3872,1922,1950,1375,455,920,1084,471,613,1537,698,839,195,74,121
2029,157,Fort Bend County,78,78 yrs,7266,3287,3979,3392,1622,1770,1190,463,727,918,401,517,1605,735,870,161,66,95
2029,157,Fort Bend County,79,79 yrs,6966,3183,3783,3231,1556,1675,1148,448,700,902,393,509,1527,726,801,158,60,98
2029,157,Fort Bend County,80,80 yrs,6142,2777,3365,2888,1386,1502,1054,384,670,757,328,429,1301,609,692,142,70,72
2029,157,Fort Bend County,81,81 yrs,5765,2587,3178,2853,1359,1494,878,331,547,740,286,454,1164,548,616,130,63,67
2029,157,Fort Bend County,82,82 yrs,5298,2389,2909,2720,1292,1428,732,254,478,669,271,398,1050,514,536,127,58,69
2029,157,Fort Bend County,83,83 yrs,3817,1707,2110,1743,812,931,522,201,321,581,228,353,905,435,470,66,31,35
2029,157,Fort Bend County,84,84 yrs,3489,1512,1977,1657,743,914,463,161,302,475,187,288,816,385,431,78,36,42
2029,157,Fort Bend County,85,85 yrs,3071,1336,1735,1504,700,804,408,125,283,420,148,272,686,340,346,53,23,30
2029,157,Fort Bend County,86,86 yrs,2603,1159,1444,1289,586,703,309,108,201,372,132,240,591,318,273,42,15,27
2029,157,Fort Bend County,87,87 yrs,2044,891,1153,989,436,553,233,77,156,291,119,172,488,244,244,43,15,28
2029,157,Fort Bend County,88,88 yrs,1776,712,1064,817,345,472,208,65,143,290,99,191,435,196,239,26,7,19
2029,157,Fort Bend County,89,89 yrs,1479,619,860,687,289,398,154,49,105,249,87,162,366,185,181,23,9,14
2029,157,Fort Bend County,90,90 yrs,1182,463,719,569,230,339,126,39,87,197,54,143,277,136,141,13,4,9
2029,157,Fort Bend County,91,91 yrs,974,366,608,456,174,282,100,22,78,178,56,122,232,113,119,8,1,7
2029,157,Fort Bend County,92,92 yrs,748,273,475,338,135,203,75,17,58,144,37,107,188,83,105,3,1,2
2029,157,Fort Bend County,93,93 yrs,633,213,420,292,105,187,59,14,45,123,30,93,156,63,93,3,1,2
2029,157,Fort Bend County,94,94 yrs,450,162,288,208,72,136,41,11,30,90,28,62,108,50,58,3,1,2
2029,157,Fort Bend County,95,95+ yrs,1199,368,831,520,156,364,123,24,99,292,73,219,260,114,146,4,1,3
2030,157,Fort Bend County,-1,All Ages,1203029,591772,611257,349633,175182,174451,206651,96027,110624,301750,148220,153530,303268,151498,151770,41727,20845,20882
2030,157,Fort Bend County,0,< 1 yr,16278,8294,7984,3663,1868,1795,2721,1387,1334,5233,2669,2564,3538,1799,1739,1123,571,552
2030,157,Fort Bend County,1,1 yr,16400,8374,8026,3658,1866,1792,2736,1394,1342,5251,2677,2574,3658,1879,1779,1097,558,539
2030,157,Fort Bend County,2,2 yrs,16561,8448,8113,3653,1864,1789,2769,1407,1362,5282,2692,2590,3782,1942,1840,1075,543,532
2030,157,Fort Bend County,3,3 yrs,16699,8543,8156,3636,1858,1778,2794,1419,1375,5309,2706,2603,3907,2028,1879,1053,532,521
2030,157,Fort Bend County,4,4 yrs,16791,8583,8208,3605,1844,1761,2808,1422,1386,5329,2716,2613,4023,2087,1936,1026,514,512
2030,157,Fort Bend County,5,5 yrs,16865,8646,8219,3568,1825,1743,2818,1428,1390,5345,2724,2621,4137,2167,1970,997,502,495
2030,157,Fort Bend County,6,6 yrs,16741,8569,8172,3519,1802,1717,2816,1423,1393,5317,2714,2603,4126,2151,1975,963,479,484
2030,157,Fort Bend County,7,7 yrs,16597,8514,8083,3461,1775,1686,2811,1419,1392,5284,2702,2582,4109,2152,1957,932,466,466
2030,157,Fort Bend County,8,8 yrs,16427,8410,8017,3402,1744,1658,2799,1409,1390,5245,2686,2559,4086,2129,1957,895,442,453
2030,157,Fort Bend County,9,9 yrs,16258,8346,7912,3356,1725,1631,2779,1399,1380,5205,2669,2536,4054,2124,1930,864,429,435
2030,157,Fort Bend County,10,10 yrs,16080,8238,7842,3312,1701,1611,2755,1383,1372,5160,2651,2509,4020,2093,1927,833,410,423
2030,157,Fort Bend County,11,11 yrs,15834,8127,7707,3323,1711,1612,2737,1374,1363,5074,2603,2471,3893,2041,1852,807,398,409
2030,157,Fort Bend County,12,12 yrs,15589,7986,7603,3341,1723,1618,2713,1359,1354,4989,2556,2433,3765,1964,1801,781,384,397
2030,157,Fort Bend County,13,13 yrs,15368,7892,7476,3379,1745,1634,2686,1348,1338,4908,2513,2395,3638,1912,1726,757,374,383
2030,157,Fort Bend County,14,14 yrs,15158,7763,7395,3419,1769,1650,2658,1330,1328,4828,2468,2360,3517,1838,1679,736,358,378
2030,157,Fort Bend County,15,15 yrs,14922,7648,7274,3452,1784,1668,2621,1309,1312,4748,2422,2326,3390,1785,1605,711,348,363
2030,157,Fort Bend County,16,16 yrs,14689,7519,7170,3532,1831,1701,2588,1294,1294,4597,2345,2252,3285,1713,1572,687,336,351
2030,157,Fort Bend County,17,17 yrs,14311,7340,6971,3562,1852,1710,2513,1257,1256,4422,2255,2167,3160,1654,1506,654,322,332
2030,157,Fort Bend County,18,18 yrs,13319,6866,6453,3319,1761,1558,2330,1182,1148,4150,2121,2029,2901,1503,1398,619,299,320
2030,157,Fort Bend County,19,19 yrs,12135,6267,5868,2951,1559,1392,2166,1107,1059,3795,1943,1852,2633,1371,1262,590,287,303
2030,157,Fort Bend County,20,20 yrs,12857,6738,6119,3519,1990,1529,2228,1124,1104,3756,1896,1860,2769,1443,1326,585,285,300
2030,157,Fort Bend County,21,21 yrs,13400,6863,6537,3748,2010,1738,2532,1258,1274,3724,1848,1876,2802,1432,1370,594,315,279
2030,157,Fort Bend County,22,22 yrs,13732,6987,6745,3729,1967,1762,2628,1317,1311,3667,1857,1810,3142,1572,1570,566,274,292
2030,157,Fort Bend County,23,23 yrs,14533,7279,7254,4047,2104,1943,2819,1384,1435,3788,1853,1935,3270,1645,1625,609,293,316
2030,157,Fort Bend County,24,24 yrs,14884,7629,7255,4369,2370,1999,2826,1453,1373,3741,1865,1876,3372,1670,1702,576,271,305
2030,157,Fort Bend County,25,25 yrs,15236,7577,7659,4448,2362,2086,2912,1382,1530,3851,1890,1961,3394,1630,1764,631,313,318
2030,157,Fort Bend County,26,26 yrs,16188,8005,8183,4711,2381,2330,3117,1533,1584,3915,1917,1998,3750,1822,1928,695,352,343
2030,157,Fort Bend County,27,27 yrs,16532,8168,8364,4649,2328,2321,3200,1661,1539,4102,1943,2159,3966,1948,2018,615,288,327
2030,157,Fort Bend County,28,28 yrs,16713,8535,8178,4811,2557,2254,3166,1613,1553,4188,1993,2195,3906,2016,1890,642,356,286
2030,157,Fort Bend County,29,29 yrs,17681,8819,8862,4877,2554,2323,3433,1699,1734,4244,2011,2233,4430,2199,2231,697,356,341
2030,157,Fort Bend County,30,30 yrs,17879,8880,8999,5095,2763,2332,3459,1736,1723,4351,2062,2289,4292,1967,2325,682,352,330
2030,157,Fort Bend County,31,31 yrs,18079,8764,9315,4810,2514,2296,3470,1717,1753,4518,2085,2433,4597,2113,2484,684,335,349
2030,157,Fort Bend County,32,32 yrs,18626,9183,9443,4774,2488,2286,3588,1725,1863,4462,2135,2327,5131,2509,2622,671,326,345
2030,157,Fort Bend County,33,33 yrs,18840,9422,9418,4997,2643,2354,3511,1787,1724,4362,2075,2287,5378,2610,2768,592,307,285
2030,157,Fort Bend County,34,34 yrs,19340,9748,9592,5019,2643,2376,3579,1778,1801,4538,2159,2379,5608,2852,2756,596,316,280
2030,157,Fort Bend County,35,35 yrs,19710,9741,9969,4821,2504,2317,3539,1700,1839,4667,2259,2408,6065,2948,3117,618,330,288
2030,157,Fort Bend County,36,36 yrs,20135,9951,10184,4953,2530,2423,3551,1785,1766,4872,2279,2593,6167,3053,3114,592,304,288
2030,157,Fort Bend County,37,37 yrs,20559,10548,10011,4790,2554,2236,3725,1930,1795,4944,2365,2579,6489,3369,3120,611,330,281
2030,157,Fort Bend County,38,38 yrs,18795,9657,9138,4198,2214,1984,3361,1701,1660,4726,2345,2381,5985,3114,2871,525,283,242
2030,157,Fort Bend County,39,39 yrs,16914,8555,8359,3029,1574,1455,2923,1530,1393,4697,2333,2364,5861,2903,2958,404,215,189
2030,157,Fort Bend County,40,40 yrs,16592,8239,8353,2783,1446,1337,2644,1317,1327,4585,2238,2347,6222,3015,3207,358,223,135
2030,157,Fort Bend County,41,41 yrs,15584,8054,7530,2903,1505,1398,2398,1203,1195,4275,2166,2109,5703,3008,2695,305,172,133
2030,157,Fort Bend County,42,42 yrs,15181,7634,7547,3085,1546,1539,2148,955,1193,4030,2131,1899,5619,2842,2777,299,160,139
2030,157,Fort Bend County,43,43 yrs,15122,7849,7273,3314,1647,1667,2092,1023,1069,4105,2112,1993,5254,2887,2367,357,180,177
2030,157,Fort Bend County,44,44 yrs,14985,7628,7357,3352,1721,1631,2034,950,1084,4074,2140,1934,5235,2667,2568,290,150,140
2030,157,Fort Bend County,45,45 yrs,15533,7962,7571,3678,1820,1858,2026,941,1085,3999,1994,2005,5577,3065,2512,253,142,111
2030,157,Fort Bend County,46,46 yrs,14142,6957,7185,3314,1621,1693,1919,865,1054,3707,1847,1860,4896,2479,2417,306,145,161
2030,157,Fort Bend County,47,47 yrs,14476,7196,7280,3713,1838,1875,1975,921,1054,3987,1992,1995,4524,2311,2213,277,134,143
2030,157,Fort Bend County,48,48 yrs,14056,7110,6946,3673,1801,1872,1967,890,1077,3826,2003,1823,4285,2275,2010,305,141,164
2030,157,Fort Bend County,49,49 yrs,13881,6851,7030,3818,1885,1933,2065,926,1139,3822,1888,1934,3824,1991,1833,352,161,191
2030,157,Fort Bend County,50,50 yrs,13871,6729,7142,3872,1883,1989,2281,986,1295,3580,1815,1765,3830,1898,1932,308,147,161
2030,157,Fort Bend County,51,51 yrs,13011,6269,6742,3790,1857,1933,2093,866,1227,3383,1716,1667,3407,1677,1730,338,153,185
2030,157,Fort Bend County,52,52 yrs,12920,6279,6641,3789,1859,1930,2089,885,1204,3400,1736,1664,3299,1634,1665,343,165,178
2030,157,Fort Bend County,53,53 yrs,12754,5970,6784,3803,1859,1944,2195,929,1266,3297,1578,1719,3180,1495,1685,279,109,170
2030,157,Fort Bend County,54,54 yrs,12613,5996,6617,3677,1806,1871,2169,892,1277,3284,1608,1676,3153,1509,1644,330,181,149
2030,157,Fort Bend County,55,55 yrs,13336,6260,7076,4120,1972,2148,2309,961,1348,3322,1652,1670,3219,1474,1745,366,201,165
2030,157,Fort Bend County,56,56 yrs,12908,6080,6828,3945,1971,1974,2424,993,1431,2975,1437,1538,3208,1492,1716,356,187,169
2030,157,Fort Bend County,57,57 yrs,13394,6305,7089,4186,2033,2153,2538,1046,1492,3081,1491,1590,3260,1575,1685,329,160,169
2030,157,Fort Bend County,58,58 yrs,13687,6317,7370,4607,2207,2400,2594,1062,1532,3021,1446,1575,3141,1425,1716,324,177,147
2030,157,Fort Bend County,59,59 yrs,13982,6602,7380,4957,2430,2527,2683,1107,1576,2946,1452,1494,3061,1419,1642,335,194,141
2030,157,Fort Bend County,60,60 yrs,13513,6242,7271,4989,2389,2600,2441,969,1472,2890,1407,1483,2874,1302,1572,319,175,144
2030,157,Fort Bend County,61,61 yrs,12696,5893,6803,4611,2186,2425,2332,967,1365,2624,1286,1338,2805,1284,1521,324,170,154
2030,157,Fort Bend County,62,62 yrs,12157,5691,6466,4548,2292,2256,2261,929,1332,2538,1189,1349,2562,1177,1385,248,104,144
2030,157,Fort Bend County,63,63 yrs,12111,5750,6361,4611,2285,2326,2169,899,1270,2409,1156,1253,2661,1277,1384,261,133,128
2030,157,Fort Bend County,64,64 yrs,12118,5691,6427,4496,2177,2319,2166,903,1263,2490,1170,1320,2704,1308,1396,262,133,129
2030,157,Fort Bend County,65,65 yrs,12063,5659,6404,4807,2366,2441,2155,855,1300,2366,1107,1259,2441,1187,1254,294,144,150
2030,157,Fort Bend County,66,66 yrs,12083,5434,6649,4755,2179,2576,2160,817,1343,2282,1022,1260,2608,1277,1331,278,139,139
2030,157,Fort Bend County,67,67 yrs,12227,5714,6513,5040,2494,2546,2110,845,1265,2182,981,1201,2612,1246,1366,283,148,135
2030,157,Fort Bend County,68,68 yrs,11629,5365,6264,5099,2430,2669,1990,795,1195,2038,939,1099,2203,1063,1140,299,138,161
2030,157,Fort Bend County,69,69 yrs,11799,5276,6523,5168,2395,2773,2076,846,1230,1930,850,1080,2347,1067,1280,278,118,160
2030,157,Fort Bend County,70,70 yrs,12121,5664,6457,5569,2721,2848,2072,864,1208,1906,889,1017,2314,1056,1258,260,134,126
2030,157,Fort Bend County,71,71 yrs,11832,5400,6432,5678,2688,2990,1953,771,1182,1792,815,977,2167,1004,1163,242,122,120
2030,157,Fort Bend County,72,72 yrs,11563,5360,6203,5564,2743,2821,1943,752,1191,1723,749,974,2102,992,1110,231,124,107
2030,157,Fort Bend County,73,73 yrs,11103,5156,5947,5416,2672,2744,1826,716,1110,1603,703,900,2019,960,1059,239,105,134
2030,157,Fort Bend County,74,74 yrs,10546,4974,5572,4903,2432,2471,1746,707,1039,1538,698,840,2094,1005,1089,265,132,133
2030,157,Fort Bend County,75,75 yrs,9865,4454,5411,4613,2190,2423,1743,687,1056,1377,570,807,1902,905,997,230,102,128
2030,157,Fort Bend County,76,76 yrs,8916,4088,4828,4203,2050,2153,1512,550,962,1250,511,739,1767,888,879,184,89,95
2030,157,Fort Bend County,77,77 yrs,8684,3944,4740,4054,1924,2130,1442,538,904,1134,490,644,1857,907,950,197,85,112
2030,157,Fort Bend County,78,78 yrs,8016,3581,4435,3857,1907,1950,1355,442,913,1061,458,603,1546,699,847,197,75,122
2030,157,Fort Bend County,79,79 yrs,7198,3236,3962,3366,1603,1763,1165,449,716,894,388,506,1612,730,882,161,66,95
2030,157,Fort Bend County,80,80 yrs,6873,3120,3753,3193,1530,1663,1119,430,689,874,378,496,1528,722,806,159,60,99
2030,157,Fort Bend County,81,81 yrs,6007,2699,3308,2805,1337,1468,1010,361,649,750,319,431,1302,614,688,140,68,72
2030,157,Fort Bend County,82,82 yrs,5599,2492,3107,2750,1299,1451,837,310,527,731,277,454,1153,545,608,128,61,67
2030,157,Fort Bend County,83,83 yrs,5119,2288,2831,2608,1228,1380,693,235,458,656,260,396,1038,509,529,124,56,68
2030,157,Fort Bend County,84,84 yrs,3673,1627,2046,1660,766,894,492,185,307,565,216,349,892,430,462,64,30,34
2030,157,Fort Bend County,85,85 yrs,3332,1429,1903,1568,696,872,433,147,286,458,176,282,799,377,422,74,33,41
2030,157,Fort Bend County,86,86 yrs,2885,1242,1643,1409,649,760,374,112,262,402,138,264,653,323,330,47,20,27
2030,157,Fort Bend County,87,87 yrs,2428,1068,1360,1195,536,659,281,96,185,354,123,231,559,299,260,39,14,25
2030,157,Fort Bend County,88,88 yrs,1879,808,1071,906,393,513,211,68,143,272,109,163,454,226,228,36,12,24
2030,157,Fort Bend County,89,89 yrs,1618,639,979,737,306,431,185,57,128,270,90,180,403,180,223,23,6,17
2030,157,Fort Bend County,90,90 yrs,1330,547,783,612,252,360,135,42,93,229,78,151,334,168,166,20,7,13
2030,157,Fort Bend County,91,91 yrs,1047,403,644,498,197,301,109,32,77,178,48,130,252,123,129,10,3,7
2030,157,Fort Bend County,92,92 yrs,847,313,534,392,146,246,84,18,66,158,48,110,206,100,106,7,1,6
2030,157,Fort Bend County,93,93 yrs,643,229,414,283,110,173,65,14,51,125,31,94,167,73,94,3,1,2
2030,157,Fort Bend County,94,94 yrs,525,172,353,237,82,155,48,11,37,106,25,81,132,53,79,2,1,1
2030,157,Fort Bend County,95,95+ yrs,1301,415,886,549,168,381,130,27,103,312,82,230,306,137,169,4,1,3
2031,157,Fort Bend County,-1,All Ages,1245447,612798,632649,357739,179259,178480,211332,98175,113157,312593,153425,159168,319589,159840,159749,44194,22099,22095
2031,157,Fort Bend County,0,< 1 yr,16689,8517,8172,3727,1900,1827,2734,1396,1338,5370,2739,2631,3687,1884,1803,1171,598,573
2031,157,Fort Bend County,1,1 yr,16848,8589,8259,3735,1906,1829,2756,1401,1355,5392,2749,2643,3817,1951,1866,1148,582,566
2031,157,Fort Bend County,2,2 yrs,17057,8717,8340,3747,1913,1834,2795,1422,1373,5432,2769,2663,3955,2041,1914,1128,572,556
2031,157,Fort Bend County,3,3 yrs,17230,8797,8433,3742,1911,1831,2830,1436,1394,5463,2784,2679,4088,2109,1979,1107,557,550
2031,157,Fort Bend County,4,4 yrs,17380,8900,8480,3724,1904,1820,2856,1449,1407,5492,2799,2693,4224,2202,2022,1084,546,538
2031,157,Fort Bend County,5,5 yrs,17479,8945,8534,3692,1890,1802,2870,1452,1418,5511,2809,2702,4350,2267,2083,1056,527,529
2031,157,Fort Bend County,6,6 yrs,17398,8920,8478,3654,1870,1784,2879,1456,1423,5491,2802,2689,4350,2278,2072,1024,514,510
2031,157,Fort Bend County,7,7 yrs,17272,8844,8428,3605,1847,1758,2875,1451,1424,5463,2793,2670,4340,2263,2077,989,490,499
2031,157,Fort Bend County,8,8 yrs,17122,8785,8337,3545,1819,1726,2871,1446,1425,5429,2781,2648,4320,2263,2057,957,476,481
2031,157,Fort Bend County,9,9 yrs,16949,8680,8269,3486,1788,1698,2857,1436,1421,5390,2764,2626,4297,2239,2058,919,453,466
2031,157,Fort Bend County,10,10 yrs,16775,8613,8162,3439,1769,1670,2838,1426,1412,5348,2746,2602,4263,2233,2030,887,439,448
2031,157,Fort Bend County,11,11 yrs,16509,8459,8050,3434,1766,1668,2825,1417,1408,5256,2697,2559,4135,2156,1979,859,423,436
2031,157,Fort Bend County,12,12 yrs,16252,8342,7910,3445,1777,1668,2805,1407,1398,5167,2648,2519,4003,2101,1902,832,409,423
2031,157,Fort Bend County,13,13 yrs,16001,8199,7802,3463,1789,1674,2782,1393,1389,5081,2600,2481,3871,2022,1849,804,395,409
2031,157,Fort Bend County,14,14 yrs,15768,8098,7670,3499,1810,1689,2752,1380,1372,4999,2556,2443,3738,1967,1771,780,385,395
2031,157,Fort Bend County,15,15 yrs,15510,7927,7583,3526,1821,1705,2716,1353,1363,4911,2505,2406,3603,1883,1720,754,365,389
2031,157,Fort Bend County,16,16 yrs,15254,7826,7428,3607,1873,1734,2682,1342,1340,4752,2423,2329,3485,1831,1654,728,357,371
2031,157,Fort Bend County,17,17 yrs,14862,7607,7255,3640,1891,1749,2611,1305,1306,4583,2338,2245,3340,1736,1604,688,337,351
2031,157,Fort Bend County,18,18 yrs,13813,7137,6676,3378,1795,1583,2415,1227,1188,4297,2195,2102,3064,1599,1465,659,321,338
2031,157,Fort Bend County,19,19 yrs,12563,6474,6089,2990,1579,1411,2238,1142,1096,3936,2017,1919,2776,1436,1340,623,300,323
2031,157,Fort Bend County,20,20 yrs,12480,6455,6025,3065,1635,1430,2258,1158,1100,3838,1961,1877,2704,1406,1298,615,295,320
2031,157,Fort Bend County,21,21 yrs,13298,6923,6375,3555,2002,1553,2308,1154,1154,3844,1923,1921,2980,1544,1436,611,300,311
2031,157,Fort Bend County,22,22 yrs,13984,7098,6886,3867,2058,1809,2631,1295,1336,3820,1873,1947,3042,1537,1505,624,335,289
2031,157,Fort Bend County,23,23 yrs,14509,7344,7165,3978,2082,1896,2724,1360,1364,3765,1891,1874,3448,1724,1724,594,287,307
2031,157,Fort Bend County,24,24 yrs,15152,7568,7584,4207,2187,2020,2894,1415,1479,3900,1894,2006,3512,1766,1746,639,306,333
2031,157,Fort Bend County,25,25 yrs,15513,7919,7594,4545,2468,2077,2917,1494,1423,3830,1895,1935,3619,1777,1842,602,285,317
2031,157,Fort Bend County,26,26 yrs,16061,7966,8095,4625,2455,2170,2987,1416,1571,4052,1976,2076,3735,1791,1944,662,328,334
2031,157,Fort Bend County,27,27 yrs,16977,8357,8620,4832,2448,2384,3194,1567,1627,4111,2000,2111,4115,1973,2142,725,369,356
2031,157,Fort Bend County,28,28 yrs,17408,8584,8824,4818,2422,2396,3269,1700,1569,4311,2030,2281,4369,2130,2239,641,302,339
2031,157,Fort Bend County,29,29 yrs,17489,8877,8612,4904,2598,2306,3236,1644,1592,4390,2073,2317,4290,2190,2100,669,372,297
2031,157,Fort Bend County,30,30 yrs,18488,9157,9331,4998,2614,2384,3498,1725,1773,4448,2092,2356,4815,2352,2463,729,374,355
2031,157,Fort Bend County,31,31 yrs,18830,9375,9455,5251,2849,2402,3537,1769,1768,4561,2162,2399,4766,2224,2542,715,371,344
2031,157,Fort Bend County,32,32 yrs,18955,9197,9758,4934,2582,2352,3541,1752,1789,4727,2180,2547,5041,2332,2709,712,351,361
2031,157,Fort Bend County,33,33 yrs,19561,9670,9891,4894,2553,2341,3664,1758,1906,4661,2227,2434,5641,2790,2851,701,342,359
2031,157,Fort Bend County,34,34 yrs,19747,9892,9855,5116,2705,2411,3578,1821,1757,4554,2167,2387,5882,2876,3006,617,323,294
2031,157,Fort Bend County,35,35 yrs,20276,10235,10041,5137,2707,2430,3645,1805,1840,4741,2254,2487,6135,3141,2994,618,328,290
2031,157,Fort Bend County,36,36 yrs,20415,10120,10295,4935,2565,2370,3603,1730,1873,4812,2332,2480,6417,3144,3273,648,349,299
2031,157,Fort Bend County,37,37 yrs,20847,10327,10520,5067,2589,2478,3613,1815,1798,5027,2354,2673,6524,3253,3271,616,316,300
2031,157,Fort Bend County,38,38 yrs,21280,10942,10338,4899,2615,2284,3785,1958,1827,5096,2439,2657,6864,3585,3279,636,345,291
2031,157,Fort Bend County,39,39 yrs,19468,10034,9434,4292,2266,2026,3416,1728,1688,4874,2423,2451,6337,3319,3018,549,298,251
2031,157,Fort Bend County,40,40 yrs,17558,8905,8653,3103,1613,1490,2979,1558,1421,4848,2410,2438,6206,3098,3108,422,226,196
2031,157,Fort Bend County,41,41 yrs,16977,8454,8523,2845,1478,1367,2685,1335,1350,4660,2281,2379,6415,3128,3287,372,232,140
2031,157,Fort Bend County,42,42 yrs,15938,8260,7678,2970,1541,1429,2426,1215,1211,4345,2207,2138,5879,3117,2762,318,180,138
2031,157,Fort Bend County,43,43 yrs,15532,7835,7697,3153,1580,1573,2176,967,1209,4095,2171,1924,5795,2949,2846,313,168,145
2031,157,Fort Bend County,44,44 yrs,15460,8045,7415,3384,1682,1702,2119,1034,1085,4173,2153,2020,5416,2989,2427,368,187,181
2031,157,Fort Bend County,45,45 yrs,15351,7846,7505,3437,1770,1667,2067,967,1100,4143,2183,1960,5403,2769,2634,301,157,144
2031,157,Fort Bend County,46,46 yrs,15779,8084,7695,3748,1853,1895,2044,946,1098,4043,2017,2026,5682,3121,2561,262,147,115
2031,157,Fort Bend County,47,47 yrs,14385,7081,7304,3385,1658,1727,1944,877,1067,3749,1869,1880,4991,2527,2464,316,150,166
2031,157,Fort Bend County,48,48 yrs,14704,7310,7394,3785,1873,1912,1992,927,1065,4032,2017,2015,4608,2353,2255,287,140,147
2031,157,Fort Bend County,49,49 yrs,14274,7218,7056,3744,1834,1910,1984,896,1088,3867,2025,1842,4364,2317,2047,315,146,169
2031,157,Fort Bend County,50,50 yrs,14103,6964,7139,3895,1924,1971,2081,931,1150,3865,1912,1953,3896,2028,1868,366,169,197
2031,157,Fort Bend County,51,51 yrs,14042,6803,7239,3943,1918,2025,2293,987,1306,3596,1821,1775,3892,1924,1968,318,153,165
2031,157,Fort Bend County,52,52 yrs,13162,6333,6829,3857,1890,1967,2104,868,1236,3394,1718,1676,3459,1699,1760,348,158,190
2031,157,Fort Bend County,53,53 yrs,13067,6341,6726,3855,1892,1963,2099,886,1213,3410,1737,1673,3349,1655,1694,354,171,183
2031,157,Fort Bend County,54,54 yrs,12892,6023,6869,3861,1886,1975,2206,930,1276,3307,1579,1728,3229,1514,1715,289,114,175
2031,157,Fort Bend County,55,55 yrs,12804,6070,6734,3766,1844,1922,2186,894,1292,3301,1612,1689,3205,1529,1676,346,191,155
2031,157,Fort Bend County,56,56 yrs,13506,6328,7178,4190,2004,2186,2313,957,1356,3346,1663,1683,3280,1496,1784,377,208,169
2031,157,Fort Bend County,57,57 yrs,13066,6142,6924,4007,2000,2007,2427,989,1438,2997,1447,1550,3267,1511,1756,368,195,173
2031,157,Fort Bend County,58,58 yrs,13551,6367,7184,4252,2064,2188,2538,1039,1499,3103,1502,1601,3319,1596,1723,339,166,173
2031,157,Fort Bend County,59,59 yrs,13839,6371,7468,4675,2236,2439,2596,1057,1539,3039,1453,1586,3195,1442,1753,334,183,151
2031,157,Fort Bend County,60,60 yrs,14143,6668,7475,5034,2467,2567,2683,1101,1582,2963,1459,1504,3117,1439,1678,346,202,144
2031,157,Fort Bend County,61,61 yrs,13690,6304,7386,5059,2419,2640,2437,960,1477,2917,1408,1509,2950,1338,1612,327,179,148
2031,157,Fort Bend County,62,62 yrs,12860,5950,6910,4676,2213,2463,2326,957,1369,2646,1285,1361,2878,1320,1558,334,175,159
2031,157,Fort Bend County,63,63 yrs,12303,5741,6562,4609,2319,2290,2253,918,1335,2560,1189,1371,2627,1209,1418,254,106,148
2031,157,Fort Bend County,64,64 yrs,12254,5800,6454,4667,2308,2359,2161,889,1272,2427,1154,1273,2731,1312,1419,268,137,131
2031,157,Fort Bend County,65,65 yrs,12251,5735,6516,4547,2197,2350,2153,890,1263,2505,1165,1340,2777,1346,1431,269,137,132
2031,157,Fort Bend County,66,66 yrs,12201,5711,6490,4867,2391,2476,2155,849,1306,2389,1114,1275,2484,1208,1276,306,149,157
2031,157,Fort Bend County,67,67 yrs,12205,5476,6729,4809,2200,2609,2159,811,1348,2301,1025,1276,2647,1296,1351,289,144,145
2031,157,Fort Bend County,68,68 yrs,12329,5745,6584,5092,2515,2577,2106,837,1269,2198,983,1215,2641,1258,1383,292,152,140
2031,157,Fort Bend County,69,69 yrs,11713,5385,6328,5144,2446,2698,1984,786,1198,2051,940,1111,2224,1071,1153,310,142,168
2031,157,Fort Bend County,70,70 yrs,11870,5289,6581,5207,2406,2801,2066,837,1229,1943,851,1092,2368,1075,1293,286,120,166
2031,157,Fort Bend County,71,71 yrs,12193,5677,6516,5601,2729,2872,2060,852,1208,1909,885,1024,2355,1074,1281,268,137,131
2031,157,Fort Bend County,72,72 yrs,11877,5397,6480,5701,2690,3011,1937,757,1180,1793,810,983,2198,1016,1182,248,124,124
2031,157,Fort Bend County,73,73 yrs,11579,5344,6235,5577,2740,2837,1922,737,1185,1720,742,978,2123,999,1124,237,126,111
2031,157,Fort Bend County,74,74 yrs,11102,5128,5974,5418,2662,2756,1803,699,1104,1599,696,903,2037,964,1073,245,107,138
2031,157,Fort Bend County,75,75 yrs,10517,4933,5584,4895,2418,2477,1720,689,1031,1528,688,840,2104,1005,1099,270,133,137
2031,157,Fort Bend County,76,76 yrs,9879,4444,5435,4627,2191,2436,1724,672,1052,1358,560,798,1936,918,1018,234,103,131
2031,157,Fort Bend County,77,77 yrs,8899,4063,4836,4203,2044,2159,1491,535,956,1228,499,729,1790,895,895,187,90,97
2031,157,Fort Bend County,78,78 yrs,8636,3903,4733,4038,1909,2129,1419,522,897,1111,477,634,1869,910,959,199,85,114
2031,157,Fort Bend County,79,79 yrs,7942,3526,4416,3828,1885,1943,1327,428,899,1034,444,590,1554,694,860,199,75,124
2031,157,Fort Bend County,80,80 yrs,7102,3172,3930,3324,1575,1749,1135,431,704,866,373,493,1615,727,888,162,66,96
2031,157,Fort Bend County,81,81 yrs,6729,3036,3693,3101,1475,1626,1073,406,667,867,368,499,1531,728,803,157,59,98
2031,157,Fort Bend County,82,82 yrs,5841,2606,3235,2707,1280,1427,963,338,625,740,309,431,1293,613,680,138,66,72
2031,157,Fort Bend County,83,83 yrs,5415,2389,3026,2637,1235,1402,794,288,506,717,266,451,1143,542,601,124,58,66
2031,157,Fort Bend County,84,84 yrs,4923,2180,2743,2485,1159,1326,656,217,439,638,247,391,1024,504,520,120,53,67
2031,157,Fort Bend County,85,85 yrs,3511,1539,1972,1571,717,854,461,169,292,547,205,342,872,421,451,60,27,33
2031,157,Fort Bend County,86,86 yrs,3137,1331,1806,1471,645,826,397,132,265,440,166,274,762,359,403,67,29,38
2031,157,Fort Bend County,87,87 yrs,2693,1145,1548,1306,593,713,343,101,242,382,128,254,619,305,314,43,18,25
2031,157,Fort Bend County,88,88 yrs,2233,968,1265,1095,484,611,253,83,170,331,112,219,521,278,243,33,11,22
2031,157,Fort Bend County,89,89 yrs,1710,725,985,819,350,469,188,59,129,252,99,153,420,207,213,31,10,21
2031,157,Fort Bend County,90,90 yrs,1458,565,893,657,268,389,163,48,115,247,80,167,370,164,206,21,5,16
2031,157,Fort Bend County,91,91 yrs,1180,477,703,535,216,319,117,34,83,206,68,138,306,153,153,16,6,10
2031,157,Fort Bend County,92,92 yrs,910,343,567,427,165,262,93,27,66,158,41,117,224,108,116,8,2,6
2031,157,Fort Bend County,93,93 yrs,725,261,464,329,119,210,73,15,58,137,40,97,180,86,94,6,1,5
2031,157,Fort Bend County,94,94 yrs,535,186,349,231,86,145,53,11,42,107,26,81,142,62,80,2,1,1
2031,157,Fort Bend County,95,95+ yrs,1443,460,983,593,185,408,140,29,111,340,86,254,365,159,206,5,1,4
2032,157,Fort Bend County,-1,All Ages,1288865,634330,654535,365876,183360,182516,215965,100306,115659,323691,158749,164942,336569,168511,168058,46764,23404,23360
2032,157,Fort Bend County,0,< 1 yr,17082,8702,8380,3781,1928,1853,2745,1398,1347,5502,2806,2696,3834,1950,1884,1220,620,600
2032,157,Fort Bend County,1,1 yr,17272,8819,8453,3800,1938,1862,2768,1410,1358,5531,2820,2711,3976,2042,1934,1197,609,588
2032,157,Fort Bend County,2,2 yrs,17524,8942,8582,3826,1954,1872,2816,1430,1386,5576,2843,2733,4126,2119,2007,1180,596,584
2032,157,Fort Bend County,3,3 yrs,17746,9079,8667,3837,1961,1876,2856,1452,1404,5617,2863,2754,4274,2216,2058,1162,587,575
2032,157,Fort Bend County,4,4 yrs,17927,9164,8763,3832,1959,1873,2891,1465,1426,5649,2879,2770,4417,2290,2127,1138,571,567
2032,157,Fort Bend County,5,5 yrs,18091,9275,8816,3815,1952,1863,2917,1478,1439,5680,2895,2785,4564,2390,2174,1115,560,555
2032,157,Fort Bend County,6,6 yrs,18029,9231,8798,3782,1938,1844,2929,1479,1450,5662,2891,2771,4572,2383,2189,1084,540,544
2032,157,Fort Bend County,7,7 yrs,17950,9204,8746,3744,1917,1827,2939,1484,1455,5642,2883,2759,4574,2395,2179,1051,525,526
2032,157,Fort Bend County,8,8 yrs,17819,9127,8692,3694,1894,1800,2935,1479,1456,5613,2874,2739,4562,2379,2183,1015,501,514
2032,157,Fort Bend County,9,9 yrs,17668,9067,8601,3633,1865,1768,2931,1474,1457,5579,2862,2717,4542,2379,2163,983,487,496
2032,157,Fort Bend County,10,10 yrs,17488,8958,8530,3571,1833,1738,2918,1464,1454,5538,2844,2694,4518,2354,2164,943,463,480
2032,157,Fort Bend County,11,11 yrs,17218,8842,8376,3565,1837,1728,2909,1461,1448,5446,2793,2653,4383,2299,2084,915,452,463
2032,157,Fort Bend County,12,12 yrs,16942,8682,8260,3560,1834,1726,2895,1452,1443,5351,2742,2609,4251,2219,2032,885,435,450
2032,157,Fort Bend County,13,13 yrs,16679,8564,8115,3570,1845,1725,2875,1442,1433,5262,2693,2569,4114,2162,1952,858,422,436
2032,157,Fort Bend County,14,14 yrs,16415,8411,8004,3586,1855,1731,2849,1426,1423,5173,2643,2530,3978,2080,1898,829,407,422
2032,157,Fort Bend County,15,15 yrs,16135,8270,7865,3608,1863,1745,2813,1405,1408,5083,2593,2490,3832,2016,1816,799,393,406
2032,157,Fort Bend County,16,16 yrs,15856,8112,7744,3683,1910,1773,2779,1387,1392,4915,2507,2408,3706,1933,1773,773,375,398
2032,157,Fort Bend County,17,17 yrs,15434,7916,7518,3717,1934,1783,2705,1353,1352,4737,2415,2322,3544,1856,1688,731,358,373
2032,157,Fort Bend County,18,18 yrs,14355,7399,6956,3453,1832,1621,2513,1275,1238,4454,2276,2178,3242,1680,1562,693,336,357
2032,157,Fort Bend County,19,19 yrs,13048,6738,6310,3046,1610,1436,2322,1186,1136,4079,2090,1989,2936,1529,1407,665,323,342
2032,157,Fort Bend County,20,20 yrs,12916,6666,6250,3105,1656,1449,2331,1194,1137,3978,2034,1944,2852,1473,1379,650,309,341
2032,157,Fort Bend County,21,21 yrs,12912,6634,6278,3095,1643,1452,2334,1186,1148,3929,1990,1939,2913,1505,1408,641,310,331
2032,157,Fort Bend County,22,22 yrs,13879,7159,6720,3665,2048,1617,2397,1187,1210,3941,1948,1993,3236,1658,1578,640,318,322
2032,157,Fort Bend County,23,23 yrs,14767,7458,7309,4126,2179,1947,2727,1338,1389,3922,1906,2016,3338,1684,1654,654,351,303
2032,157,Fort Bend County,24,24 yrs,15129,7636,7493,4133,2163,1970,2796,1390,1406,3877,1933,1944,3701,1850,1851,622,300,322
2032,157,Fort Bend County,25,25 yrs,15790,7854,7936,4374,2276,2098,2987,1454,1533,3994,1925,2069,3768,1878,1890,667,321,346
2032,157,Fort Bend County,26,26 yrs,16363,8330,8033,4726,2565,2161,2993,1532,1461,4032,1983,2049,3981,1951,2030,631,299,332
2032,157,Fort Bend County,27,27 yrs,16850,8317,8533,4744,2525,2219,3061,1447,1614,4256,2062,2194,4097,1938,2159,692,345,347
2032,157,Fort Bend County,28,28 yrs,17874,8781,9093,5008,2547,2461,3261,1603,1658,4319,2089,2230,4529,2155,2374,757,387,370
2032,157,Fort Bend County,29,29 yrs,18235,8930,9305,4911,2460,2451,3342,1733,1609,4517,2110,2407,4796,2311,2485,669,316,353
2032,157,Fort Bend County,30,30 yrs,18285,9220,9065,5028,2661,2367,3297,1669,1628,4603,2158,2445,4657,2341,2316,700,391,309
2032,157,Fort Bend County,31,31 yrs,19498,9693,9805,5153,2697,2456,3578,1757,1821,4663,2194,2469,5342,2652,2690,762,393,369
2032,157,Fort Bend County,32,32 yrs,19733,9832,9901,5384,2925,2459,3607,1804,1803,4770,2260,2510,5227,2454,2773,745,389,356
2032,157,Fort Bend County,33,33 yrs,19888,9668,10220,5058,2649,2409,3613,1785,1828,4937,2273,2664,5537,2593,2944,743,368,375
2032,157,Fort Bend County,34,34 yrs,20504,10161,10343,5011,2613,2398,3733,1790,1943,4864,2325,2539,6167,3074,3093,729,359,370
2032,157,Fort Bend County,35,35 yrs,20709,10384,10325,5237,2771,2466,3644,1849,1795,4756,2262,2494,6430,3165,3265,642,337,305
2032,157,Fort Bend County,36,36 yrs,20995,10630,10365,5258,2773,2485,3709,1836,1873,4889,2327,2562,6491,3347,3144,648,347,301
2032,157,Fort Bend County,37,37 yrs,21145,10508,10637,5049,2625,2424,3665,1758,1907,4966,2410,2556,6790,3351,3439,675,364,311
2032,157,Fort Bend County,38,38 yrs,21574,10713,10861,5181,2650,2531,3670,1841,1829,5182,2428,2754,6899,3463,3436,642,331,311
2032,157,Fort Bend County,39,39 yrs,22028,11356,10672,5008,2675,2333,3845,1987,1858,5254,2519,2735,7258,3813,3445,663,362,301
2032,157,Fort Bend County,40,40 yrs,20182,10433,9749,4396,2323,2073,3479,1759,1720,5028,2501,2527,6709,3538,3171,570,312,258
2032,157,Fort Bend County,41,41 yrs,17962,9135,8827,3173,1650,1523,3024,1579,1445,4926,2456,2470,6401,3215,3186,438,235,203
2032,157,Fort Bend County,42,42 yrs,17362,8671,8691,2910,1514,1396,2717,1348,1369,4736,2324,2412,6612,3243,3369,387,242,145
2032,157,Fort Bend County,43,43 yrs,16301,8473,7828,3037,1576,1461,2457,1230,1227,4413,2247,2166,6061,3231,2830,333,189,144
2032,157,Fort Bend County,44,44 yrs,15879,8031,7848,3220,1614,1606,2204,977,1227,4163,2213,1950,5969,3053,2916,323,174,149
2032,157,Fort Bend County,45,45 yrs,15839,8275,7564,3469,1730,1739,2152,1051,1101,4244,2196,2048,5591,3103,2488,383,195,188
2032,157,Fort Bend County,46,46 yrs,15592,7963,7629,3502,1802,1700,2086,972,1114,4189,2208,1981,5503,2818,2685,312,163,149
2032,157,Fort Bend County,47,47 yrs,16049,8227,7822,3828,1894,1934,2071,959,1112,4089,2042,2047,5791,3180,2611,270,152,118
2032,157,Fort Bend County,48,48 yrs,14615,7194,7421,3451,1690,1761,1960,882,1078,3792,1892,1900,5084,2573,2511,328,157,171
2032,157,Fort Bend County,49,49 yrs,14934,7422,7512,3859,1908,1951,2009,934,1075,4075,2039,2036,4694,2396,2298,297,145,152
2032,157,Fort Bend County,50,50 yrs,14507,7339,7168,3818,1871,1947,2000,901,1099,3912,2051,1861,4449,2362,2087,328,154,174
2032,157,Fort Bend County,51,51 yrs,14279,7042,7237,3967,1960,2007,2092,932,1160,3883,1918,1965,3959,2056,1903,378,176,202
2032,157,Fort Bend County,52,52 yrs,14206,6870,7336,4012,1952,2060,2306,989,1317,3608,1823,1785,3953,1948,2005,327,158,169
2032,157,Fort Bend County,53,53 yrs,13314,6396,6918,3923,1923,2000,2115,869,1246,3405,1719,1686,3513,1721,1792,358,164,194
2032,157,Fort Bend County,54,54 yrs,13209,6400,6809,3915,1919,1996,2108,887,1221,3419,1738,1681,3401,1677,1724,366,179,187
2032,157,Fort Bend County,55,55 yrs,13084,6095,6989,3956,1927,2029,2222,932,1290,3323,1583,1740,3282,1534,1748,301,119,182
2032,157,Fort Bend County,56,56 yrs,12965,6137,6828,3829,1874,1955,2191,892,1299,3325,1623,1702,3263,1550,1713,357,198,159
2032,157,Fort Bend County,57,57 yrs,13671,6393,7278,4256,2033,2223,2316,954,1362,3370,1674,1696,3340,1516,1824,389,216,173
2032,157,Fort Bend County,58,58 yrs,13222,6204,7018,4071,2031,2040,2427,983,1444,3019,1458,1561,3325,1530,1795,380,202,178
2032,157,Fort Bend County,59,59 yrs,13699,6419,7280,4314,2090,2224,2539,1034,1505,3122,1510,1612,3376,1615,1761,348,170,178
2032,157,Fort Bend County,60,60 yrs,14003,6436,7567,4750,2271,2479,2595,1051,1544,3058,1462,1596,3255,1462,1793,345,190,155
2032,157,Fort Bend County,61,61 yrs,14330,6736,7594,5107,2499,2608,2679,1091,1588,2989,1460,1529,3200,1479,1721,355,207,148
2032,157,Fort Bend County,62,62 yrs,13867,6367,7500,5131,2449,2682,2432,951,1481,2941,1407,1534,3028,1376,1652,335,184,151
2032,157,Fort Bend County,63,63 yrs,13019,6006,7013,4739,2239,2500,2318,946,1372,2670,1286,1384,2951,1357,1594,341,178,163
2032,157,Fort Bend County,64,64 yrs,12442,5788,6654,4665,2342,2323,2242,907,1335,2579,1187,1392,2695,1242,1453,261,110,151
2032,157,Fort Bend County,65,65 yrs,12386,5847,6539,4719,2329,2390,2147,876,1271,2441,1150,1291,2804,1351,1453,275,141,134
2032,157,Fort Bend County,66,66 yrs,12393,5789,6604,4604,2221,2383,2153,884,1269,2531,1173,1358,2825,1369,1456,280,142,138
2032,157,Fort Bend County,67,67 yrs,12325,5755,6570,4922,2415,2507,2154,843,1311,2410,1118,1292,2521,1226,1295,318,153,165
2032,157,Fort Bend County,68,68 yrs,12309,5509,6800,4859,2219,2640,2155,804,1351,2321,1029,1292,2675,1309,1366,299,148,151
2032,157,Fort Bend County,69,69 yrs,12416,5767,6649,5137,2532,2605,2098,827,1271,2213,984,1229,2666,1268,1398,302,156,146
2032,157,Fort Bend County,70,70 yrs,11785,5400,6385,5184,2459,2725,1975,777,1198,2063,940,1123,2244,1079,1165,319,145,174
2032,157,Fort Bend County,71,71 yrs,11940,5301,6639,5238,2413,2825,2052,824,1228,1946,847,1099,2409,1094,1315,295,123,172
2032,157,Fort Bend County,72,72 yrs,12237,5673,6564,5623,2731,2892,2041,836,1205,1910,880,1030,2387,1086,1301,276,140,136
2032,157,Fort Bend County,73,73 yrs,11895,5380,6515,5717,2688,3029,1915,741,1174,1788,802,986,2221,1023,1198,254,126,128
2032,157,Fort Bend County,74,74 yrs,11577,5315,6262,5578,2730,2848,1899,720,1179,1717,735,982,2142,1003,1139,241,127,114
2032,157,Fort Bend County,75,75 yrs,11073,5087,5986,5409,2647,2762,1777,681,1096,1589,686,903,2048,965,1083,250,108,142
2032,157,Fort Bend County,76,76 yrs,10532,4919,5613,4909,2418,2491,1701,673,1028,1505,675,830,2142,1019,1123,275,134,141
2032,157,Fort Bend County,77,77 yrs,9857,4414,5443,4626,2184,2442,1699,654,1045,1334,548,786,1961,925,1036,237,103,134
2032,157,Fort Bend County,78,78 yrs,8844,4020,4824,4186,2028,2158,1467,519,948,1202,486,716,1800,897,903,189,90,99
2032,157,Fort Bend County,79,79 yrs,8558,3844,4714,4009,1887,2122,1389,506,883,1083,462,621,1877,904,973,200,85,115
2032,157,Fort Bend County,80,80 yrs,7835,3456,4379,3782,1853,1929,1295,411,884,1002,427,575,1557,691,866,199,74,125
2032,157,Fort Bend County,81,81 yrs,6953,3085,3868,3229,1519,1710,1089,407,682,859,363,496,1616,732,884,160,64,96
2032,157,Fort Bend County,82,82 yrs,6542,2930,3612,2991,1412,1579,1023,380,643,855,356,499,1519,726,793,154,56,98
2032,157,Fort Bend County,83,83 yrs,5650,2500,3150,2596,1217,1379,914,314,600,725,297,428,1281,609,672,134,63,71
2032,157,Fort Bend County,84,84 yrs,5210,2276,2934,2514,1166,1348,750,266,484,699,253,446,1127,536,591,120,55,65
2032,157,Fort Bend County,85,85 yrs,4701,2061,2640,2352,1085,1267,614,198,416,617,234,383,1003,494,509,115,50,65
2032,157,Fort Bend County,86,86 yrs,3304,1433,1871,1472,664,808,422,152,270,524,192,332,832,401,431,54,24,30
2032,157,Fort Bend County,87,87 yrs,2928,1227,1701,1364,590,774,364,119,245,417,153,264,723,339,384,60,26,34
2032,157,Fort Bend County,88,88 yrs,2480,1038,1442,1197,535,662,311,88,223,359,117,242,576,283,293,37,15,22
2032,157,Fort Bend County,89,89 yrs,2037,871,1166,989,430,559,226,73,153,309,102,207,484,256,228,29,10,19
2032,157,Fort Bend County,90,90 yrs,1539,642,897,731,307,424,166,50,116,231,89,142,384,188,196,27,8,19
2032,157,Fort Bend County,91,91 yrs,1295,492,803,575,229,346,142,40,102,222,70,152,339,149,190,17,4,13
2032,157,Fort Bend County,92,92 yrs,1027,407,620,460,182,278,99,28,71,182,58,124,273,135,138,13,4,9
2032,157,Fort Bend County,93,93 yrs,781,288,493,359,135,224,79,22,57,139,35,104,197,94,103,7,2,5
2032,157,Fort Bend County,94,94 yrs,607,214,393,269,94,175,60,12,48,118,33,85,155,74,81,5,1,4
2032,157,Fort Bend County,95,95+ yrs,1565,506,1059,621,200,421,153,31,122,364,90,274,422,184,238,5,1,4
2033,157,Fort Bend County,-1,All Ages,1333244,656387,676857,373998,187460,186538,220560,102429,118131,335028,164186,170842,354211,177535,176676,49447,24777,24670
2033,157,Fort Bend County,0,< 1 yr,17470,8914,8556,3824,1950,1874,2757,1407,1350,5636,2874,2762,3984,2035,1949,1269,648,621
2033,157,Fort Bend County,1,1 yr,17682,9014,8668,3855,1967,1888,2779,1413,1366,5668,2890,2778,4134,2113,2021,1246,631,615
2033,157,Fort Bend County,2,2 yrs,17967,9183,8784,3891,1986,1905,2827,1438,1389,5720,2916,2804,4298,2218,2080,1231,625,606
2033,157,Fort Bend County,3,3 yrs,18229,9312,8917,3918,2003,1915,2876,1459,1417,5765,2939,2826,4457,2300,2157,1213,611,602
2033,157,Fort Bend County,4,4 yrs,18468,9459,9009,3930,2010,1920,2917,1481,1436,5809,2961,2848,4617,2405,2212,1195,602,593
2033,157,Fort Bend County,5,5 yrs,18661,9550,9111,3925,2008,1917,2954,1495,1459,5840,2976,2864,4771,2485,2286,1171,586,585
2033,157,Fort Bend County,6,6 yrs,18660,9569,9091,3907,2000,1907,2979,1507,1472,5834,2978,2856,4797,2512,2285,1143,572,571
2033,157,Fort Bend County,7,7 yrs,18598,9525,9073,3872,1985,1887,2991,1508,1483,5816,2974,2842,4807,2506,2301,1112,552,560
2033,157,Fort Bend County,8,8 yrs,18517,9500,9017,3835,1965,1870,3000,1513,1487,5795,2966,2829,4808,2518,2290,1079,538,541
2033,157,Fort Bend County,9,9 yrs,18387,9421,8966,3785,1942,1843,2997,1508,1489,5766,2957,2809,4796,2501,2295,1043,513,530
2033,157,Fort Bend County,10,10 yrs,18229,9358,8871,3722,1912,1810,2992,1502,1490,5731,2944,2787,4775,2501,2274,1009,499,510
2033,157,Fort Bend County,11,11 yrs,17947,9196,8751,3701,1903,1798,2990,1499,1491,5639,2893,2746,4645,2424,2221,972,477,495
2033,157,Fort Bend County,12,12 yrs,17667,9075,8592,3694,1907,1787,2980,1496,1484,5545,2840,2705,4506,2367,2139,942,465,477
2033,157,Fort Bend County,13,13 yrs,17382,8910,8472,3687,1903,1784,2966,1487,1479,5449,2789,2660,4368,2283,2085,912,448,464
2033,157,Fort Bend County,14,14 yrs,17110,8786,8324,3697,1914,1783,2944,1476,1468,5358,2739,2619,4227,2223,2004,884,434,450
2033,157,Fort Bend County,15,15 yrs,16796,8591,8205,3697,1909,1788,2911,1451,1460,5261,2683,2578,4078,2133,1945,849,415,434
2033,157,Fort Bend County,16,16 yrs,16491,8461,8030,3768,1955,1813,2876,1439,1437,5087,2595,2492,3941,2069,1872,819,403,416
2033,157,Fort Bend County,17,17 yrs,16045,8209,7836,3795,1973,1822,2804,1399,1405,4899,2499,2400,3771,1961,1810,776,377,399
2033,157,Fort Bend County,18,18 yrs,14921,7704,7217,3526,1873,1653,2607,1323,1284,4606,2352,2254,3445,1798,1647,737,358,379
2033,157,Fort Bend County,19,19 yrs,13576,6994,6582,3116,1645,1471,2419,1234,1185,4232,2168,2064,3110,1609,1501,699,338,361
2033,157,Fort Bend County,20,20 yrs,13410,6935,6475,3164,1689,1475,2417,1239,1178,4121,2106,2015,3015,1568,1447,693,333,360
2033,157,Fort Bend County,21,21 yrs,13363,6852,6511,3134,1663,1471,2409,1223,1186,4072,2064,2008,3070,1576,1494,678,326,352
2033,157,Fort Bend County,22,22 yrs,13481,6864,6617,3192,1680,1512,2422,1220,1202,4030,2016,2014,3165,1618,1547,672,330,342
2033,157,Fort Bend County,23,23 yrs,14664,7528,7136,3911,2169,1742,2486,1227,1259,4046,1983,2063,3550,1816,1734,671,333,338
2033,157,Fort Bend County,24,24 yrs,15398,7755,7643,4290,2266,2024,2802,1369,1433,4039,1948,2091,3582,1805,1777,685,367,318
2033,157,Fort Bend County,25,25 yrs,15769,7925,7844,4297,2250,2047,2886,1429,1457,3967,1963,2004,3968,1968,2000,651,315,336
2033,157,Fort Bend County,26,26 yrs,16653,8264,8389,4547,2365,2182,3064,1490,1574,4201,2012,2189,4142,2060,2082,699,337,362
2033,157,Fort Bend County,27,27 yrs,17170,8694,8476,4848,2637,2211,3066,1565,1501,4232,2068,2164,4365,2110,2255,659,314,345
2033,157,Fort Bend County,28,28 yrs,17742,8735,9007,4918,2627,2291,3126,1480,1646,4469,2152,2317,4508,2115,2393,721,361,360
2033,157,Fort Bend County,29,29 yrs,18718,9132,9586,5103,2586,2517,3334,1634,1700,4524,2172,2352,4969,2337,2632,788,403,385
2033,157,Fort Bend County,30,30 yrs,19077,9273,9804,5033,2518,2515,3405,1759,1646,4733,2195,2538,5208,2470,2738,698,331,367
2033,157,Fort Bend County,31,31 yrs,19277,9758,9519,5183,2744,2439,3371,1701,1670,4824,2263,2561,5166,2638,2528,733,412,321
2033,157,Fort Bend County,32,32 yrs,20461,10192,10269,5283,2768,2515,3650,1792,1858,4877,2294,2583,5859,2927,2932,792,411,381
2033,157,Fort Bend County,33,33 yrs,20700,10329,10371,5518,3000,2518,3681,1838,1843,4983,2358,2625,5741,2726,3015,777,407,370
2033,157,Fort Bend County,34,34 yrs,20835,10146,10689,5178,2711,2467,3681,1819,1862,5152,2373,2779,6051,2857,3194,773,386,387
2033,157,Fort Bend County,35,35 yrs,21507,10676,10831,5129,2677,2452,3801,1817,1984,5081,2427,2654,6739,3382,3357,757,373,384
2033,157,Fort Bend County,36,36 yrs,21436,10778,10658,5358,2837,2521,3707,1880,1827,4902,2334,2568,6797,3371,3426,672,356,316
2033,157,Fort Bend County,37,37 yrs,21732,11030,10702,5376,2836,2540,3771,1865,1906,5043,2403,2640,6867,3564,3303,675,362,313
2033,157,Fort Bend County,38,38 yrs,21892,10907,10985,5163,2687,2476,3723,1783,1940,5119,2486,2633,7183,3569,3614,704,382,322
2033,157,Fort Bend County,39,39 yrs,22327,11120,11207,5296,2711,2585,3726,1868,1858,5342,2508,2834,7294,3685,3609,669,348,321
2033,157,Fort Bend County,40,40 yrs,22825,11799,11026,5128,2742,2386,3915,2022,1893,5419,2600,2819,7673,4056,3617,690,379,311
2033,157,Fort Bend County,41,41 yrs,20645,10702,9943,4496,2377,2119,3530,1782,1748,5109,2549,2560,6918,3669,3249,592,325,267
2033,157,Fort Bend County,42,42 yrs,18368,9367,9001,3245,1689,1556,3061,1596,1465,5006,2503,2503,6600,3333,3267,456,246,210
2033,157,Fort Bend County,43,43 yrs,17755,8896,8859,2975,1547,1428,2751,1365,1386,4809,2366,2443,6816,3364,3452,404,254,150
2033,157,Fort Bend County,44,44 yrs,16662,8681,7981,3101,1608,1493,2487,1242,1245,4485,2290,2195,6245,3345,2900,344,196,148
2033,157,Fort Bend County,45,45 yrs,16271,8264,8007,3302,1661,1641,2240,994,1246,4234,2257,1977,6159,3170,2989,336,182,154
2033,157,Fort Bend County,46,46 yrs,16089,8400,7689,3535,1761,1774,2171,1057,1114,4292,2222,2070,5694,3158,2536,397,202,195
2033,157,Fort Bend County,47,47 yrs,15856,8100,7756,3577,1842,1735,2113,985,1128,4236,2235,2001,5607,2869,2738,323,169,154
2033,157,Fort Bend County,48,48 yrs,16309,8359,7950,3902,1930,1972,2088,964,1124,4136,2067,2069,5902,3239,2663,281,159,122
2033,157,Fort Bend County,49,49 yrs,14844,7304,7540,3518,1721,1797,1977,888,1089,3832,1913,1919,5178,2620,2558,339,162,177
2033,157,Fort Bend County,50,50 yrs,15172,7542,7630,3937,1947,1990,2024,938,1086,4120,2065,2055,4782,2440,2342,309,152,157
2033,157,Fort Bend County,51,51 yrs,14684,7418,7266,3888,1906,1982,2009,901,1108,3928,2057,1871,4521,2395,2126,338,159,179
2033,157,Fort Bend County,52,52 yrs,14444,7112,7332,4037,1995,2042,2103,934,1169,3896,1920,1976,4018,2081,1937,390,182,208
2033,157,Fort Bend County,53,53 yrs,14369,6936,7433,4082,1986,2096,2316,989,1327,3619,1824,1795,4014,1973,2041,338,164,174
2033,157,Fort Bend County,54,54 yrs,13462,6458,7004,3985,1952,2033,2126,871,1255,3414,1720,1694,3566,1743,1823,371,172,199
2033,157,Fort Bend County,55,55 yrs,13409,6481,6928,4011,1961,2050,2124,889,1235,3436,1743,1693,3456,1700,1756,382,188,194
2033,157,Fort Bend County,56,56 yrs,13246,6159,7087,4022,1958,2064,2226,929,1297,3348,1594,1754,3340,1555,1785,310,123,187
2033,157,Fort Bend County,57,57 yrs,13123,6199,6924,3890,1901,1989,2194,888,1306,3349,1634,1715,3321,1570,1751,369,206,163
2033,157,Fort Bend County,58,58 yrs,13836,6459,7377,4324,2065,2259,2316,948,1368,3393,1685,1708,3402,1537,1865,401,224,177
2033,157,Fort Bend County,59,59 yrs,13367,6256,7111,4130,2057,2073,2427,978,1449,3037,1465,1572,3383,1548,1835,390,208,182
2033,157,Fort Bend County,60,60 yrs,13859,6484,7375,4383,2123,2260,2538,1028,1510,3142,1519,1623,3436,1636,1800,360,178,182
2033,157,Fort Bend County,61,61 yrs,14194,6505,7689,4819,2301,2518,2592,1042,1550,3088,1464,1624,3340,1503,1837,355,195,160
2033,157,Fort Bend County,62,62 yrs,14511,6802,7709,5179,2530,2649,2671,1080,1591,3015,1460,1555,3282,1520,1762,364,212,152
2033,157,Fort Bend County,63,63 yrs,14038,6425,7613,5200,2478,2722,2424,940,1484,2967,1407,1560,3103,1412,1691,344,188,156
2033,157,Fort Bend County,64,64 yrs,13174,6060,7114,4797,2262,2535,2308,936,1372,2690,1284,1406,3027,1394,1633,352,184,168
2033,157,Fort Bend County,65,65 yrs,12576,5832,6744,4718,2364,2354,2229,894,1335,2595,1183,1412,2766,1278,1488,268,113,155
2033,157,Fort Bend County,66,66 yrs,12529,5901,6628,4778,2354,2424,2148,871,1277,2465,1157,1308,2853,1374,1479,285,145,140
2033,157,Fort Bend County,67,67 yrs,12512,5830,6682,4655,2242,2413,2150,877,1273,2552,1177,1375,2865,1388,1477,290,146,144
2033,157,Fort Bend County,68,68 yrs,12430,5790,6640,4973,2436,2537,2149,835,1314,2430,1122,1308,2549,1239,1310,329,158,171
2033,157,Fort Bend County,69,69 yrs,12393,5529,6864,4903,2234,2669,2147,794,1353,2335,1029,1306,2700,1320,1380,308,152,156
2033,157,Fort Bend County,70,70 yrs,12490,5782,6708,5177,2546,2631,2087,817,1270,2226,984,1242,2688,1275,1413,312,160,152
2033,157,Fort Bend County,71,71 yrs,11852,5412,6440,5215,2466,2749,1960,764,1196,2065,936,1129,2283,1098,1185,329,148,181
2033,157,Fort Bend County,72,72 yrs,11987,5299,6688,5260,2416,2844,2035,809,1226,1947,842,1105,2441,1106,1335,304,126,178
2033,157,Fort Bend County,73,73 yrs,12253,5654,6599,5639,2730,2909,2016,818,1198,1907,873,1034,2410,1092,1318,281,141,140
2033,157,Fort Bend County,74,74 yrs,11898,5351,6547,5721,2679,3042,1892,724,1168,1784,794,990,2241,1026,1215,260,128,132
2033,157,Fort Bend County,75,75 yrs,11546,5273,6273,5570,2715,2855,1871,701,1170,1706,725,981,2154,1004,1150,245,128,117
2033,157,Fort Bend County,76,76 yrs,11087,5075,6012,5425,2648,2777,1758,666,1092,1565,673,892,2085,979,1106,254,109,145
2033,157,Fort Bend County,77,77 yrs,10510,4887,5623,4907,2410,2497,1675,654,1021,1478,661,817,2171,1027,1144,279,135,144
2033,157,Fort Bend County,78,78 yrs,9801,4368,5433,4610,2168,2442,1672,635,1037,1306,533,773,1973,928,1045,240,104,136
2033,157,Fort Bend County,79,79 yrs,8767,3963,4804,4157,2006,2151,1438,504,934,1173,471,702,1809,892,917,190,90,100
2033,157,Fort Bend County,80,80 yrs,8444,3770,4674,3962,1856,2106,1354,486,868,1049,445,604,1880,900,980,199,83,116
2033,157,Fort Bend County,81,81 yrs,7666,3360,4306,3675,1788,1887,1243,387,856,992,415,577,1558,697,861,198,73,125
2033,157,Fort Bend County,82,82 yrs,6762,2979,3783,3116,1454,1662,1038,381,657,846,351,495,1603,730,873,159,63,96
2033,157,Fort Bend County,83,83 yrs,6333,2815,3518,2870,1343,1527,970,354,616,837,342,495,1506,722,784,150,54,96
2033,157,Fort Bend County,84,84 yrs,5439,2386,3053,2476,1150,1326,862,289,573,706,283,423,1265,604,661,130,60,70
2033,157,Fort Bend County,85,85 yrs,4975,2151,2824,2378,1091,1287,702,243,459,676,239,437,1104,526,578,115,52,63
2033,157,Fort Bend County,86,86 yrs,4425,1919,2506,2205,1006,1199,565,179,386,592,219,373,959,471,488,104,44,60
2033,157,Fort Bend County,87,87 yrs,3090,1324,1766,1367,609,758,387,137,250,498,178,320,790,379,411,48,21,27
2033,157,Fort Bend County,88,88 yrs,2701,1117,1584,1253,534,719,328,104,224,392,141,251,675,316,359,53,22,31
2033,157,Fort Bend County,89,89 yrs,2260,933,1327,1083,477,606,278,78,200,334,106,228,534,260,274,31,12,19
2033,157,Fort Bend County,90,90 yrs,1834,771,1063,883,377,506,199,62,137,283,90,193,445,234,211,24,8,16
2033,157,Fort Bend County,91,91 yrs,1368,560,808,641,263,378,144,41,103,208,78,130,353,172,181,22,6,16
2033,157,Fort Bend County,92,92 yrs,1130,421,709,495,193,302,120,33,87,197,60,137,303,132,171,15,3,12
2033,157,Fort Bend County,93,93 yrs,881,342,539,386,148,238,85,23,62,159,50,109,241,118,123,10,3,7
2033,157,Fort Bend County,94,94 yrs,651,234,417,295,107,188,64,17,47,119,29,90,168,80,88,5,1,4
2033,157,Fort Bend County,95,95+ yrs,1727,567,1160,676,219,457,169,33,136,393,99,294,482,215,267,7,1,6
2034,157,Fort Bend County,-1,All Ages,1378554,678906,699648,382067,191545,190522,225120,104537,120583,346585,169716,176869,372523,186897,185626,52259,26211,26048
2034,157,Fort Bend County,0,< 1 yr,17860,9101,8759,3863,1970,1893,2772,1413,1359,5770,2943,2827,4137,2105,2032,1318,670,648
2034,157,Fort Bend County,1,1 yr,18083,9231,8852,3899,1989,1910,2791,1421,1370,5804,2958,2846,4294,2204,2090,1295,659,636
2034,157,Fort Bend County,2,2 yrs,18392,9385,9007,3946,2015,1931,2838,1441,1397,5860,2988,2872,4466,2294,2172,1282,647,635
2034,157,Fort Bend County,3,3 yrs,18692,9563,9129,3985,2036,1949,2888,1467,1421,5913,3014,2899,4641,2406,2235,1265,640,625
2034,157,Fort Bend County,4,4 yrs,18969,9701,9268,4011,2052,1959,2937,1489,1448,5960,3038,2922,4813,2495,2318,1248,627,621
2034,157,Fort Bend County,5,5 yrs,19222,9855,9367,4023,2059,1964,2979,1510,1469,6005,3060,2945,4986,2609,2377,1229,617,612
2034,157,Fort Bend County,6,6 yrs,19245,9852,9393,4018,2057,1961,3014,1523,1491,5998,3061,2937,5014,2612,2402,1201,599,602
2034,157,Fort Bend County,7,7 yrs,19247,9872,9375,4001,2049,1952,3039,1535,1504,5992,3063,2929,5042,2640,2402,1173,585,588
2034,157,Fort Bend County,8,8 yrs,19184,9828,9356,3966,2035,1931,3052,1536,1516,5974,3059,2915,5052,2634,2418,1140,564,576
2034,157,Fort Bend County,9,9 yrs,19100,9800,9300,3928,2014,1914,3061,1540,1521,5951,3050,2901,5053,2646,2407,1107,550,557
2034,157,Fort Bend County,10,10 yrs,18965,9720,9245,3876,1990,1886,3059,1536,1523,5921,3041,2880,5040,2629,2411,1069,524,545
2034,157,Fort Bend County,11,11 yrs,18702,9603,9099,3856,1984,1872,3064,1538,1526,5834,2993,2841,4909,2575,2334,1039,513,526
2034,157,Fort Bend County,12,12 yrs,18412,9435,8977,3834,1975,1859,3061,1534,1527,5741,2941,2800,4775,2495,2280,1001,490,511
2034,157,Fort Bend County,13,13 yrs,18125,9312,8813,3825,1978,1847,3053,1532,1521,5645,2887,2758,4631,2436,2195,971,479,492
2034,157,Fort Bend County,14,14 yrs,17829,9140,8689,3818,1974,1844,3036,1521,1515,5546,2835,2711,4490,2350,2140,939,460,479
2034,157,Fort Bend County,15,15 yrs,17504,8973,8531,3811,1970,1841,3006,1501,1505,5447,2779,2668,4334,2280,2054,906,443,463
2034,157,Fort Bend County,16,16 yrs,17167,8788,8379,3861,2003,1858,2977,1486,1491,5264,2683,2581,4195,2190,2005,870,426,444
2034,157,Fort Bend County,17,17 yrs,16688,8560,8128,3884,2019,1865,2902,1452,1450,5069,2585,2484,4010,2099,1911,823,405,418
2034,157,Fort Bend County,18,18 yrs,15526,7995,7531,3603,1912,1691,2705,1369,1336,4764,2434,2330,3671,1903,1768,783,377,406
2034,157,Fort Bend County,19,19 yrs,14135,7294,6841,3185,1684,1501,2513,1282,1231,4380,2242,2138,3312,1725,1587,745,361,384
2034,157,Fort Bend County,20,20 yrs,13948,7195,6753,3236,1725,1511,2516,1288,1228,4275,2185,2090,3193,1649,1544,728,348,380
2034,157,Fort Bend County,21,21 yrs,13875,7128,6747,3192,1695,1497,2498,1269,1229,4217,2136,2081,3246,1678,1568,722,350,372
2034,157,Fort Bend County,22,22 yrs,13946,7086,6860,3233,1701,1532,2496,1256,1240,4174,2090,2084,3333,1693,1640,710,346,364
2034,157,Fort Bend County,23,23 yrs,14236,7213,7023,3413,1783,1630,2507,1259,1248,4138,2053,2085,3474,1773,1701,704,345,359
2034,157,Fort Bend County,24,24 yrs,15296,7831,7465,4065,2254,1811,2553,1255,1298,4166,2026,2140,3810,1948,1862,702,348,354
2034,157,Fort Bend County,25,25 yrs,16042,8048,7994,4462,2359,2103,2893,1408,1485,4133,1978,2155,3838,1918,1920,716,385,331
2034,157,Fort Bend County,26,26 yrs,16636,8340,8296,4466,2337,2129,2959,1464,1495,4172,2052,2120,4358,2157,2201,681,330,351
2034,157,Fort Bend County,27,27 yrs,17481,8634,8847,4663,2432,2231,3139,1523,1616,4410,2098,2312,4539,2227,2312,730,354,376
2034,157,Fort Bend County,28,28 yrs,18088,9133,8955,5027,2744,2283,3130,1601,1529,4444,2159,2285,4801,2301,2500,686,328,358
2034,157,Fort Bend County,29,29 yrs,18585,9084,9501,5011,2668,2343,3197,1509,1688,4680,2237,2443,4945,2292,2653,752,378,374
2034,157,Fort Bend County,30,30 yrs,19587,9487,10100,5230,2647,2583,3398,1660,1738,4739,2259,2480,5397,2498,2899,823,423,400
2034,157,Fort Bend County,31,31 yrs,20124,9819,10305,5187,2597,2590,3481,1793,1688,4960,2301,2659,5765,2779,2986,731,349,382
2034,157,Fort Bend County,32,32 yrs,20221,10257,9964,5315,2818,2497,3438,1735,1703,5046,2366,2680,5660,2907,2753,762,431,331
2034,157,Fort Bend County,33,33 yrs,21491,10735,10756,5414,2840,2574,3724,1825,1899,5093,2392,2701,6434,3248,3186,826,430,396
2034,157,Fort Bend County,34,34 yrs,21682,10834,10848,5649,3070,2579,3748,1871,1877,5199,2461,2738,6276,3004,3272,810,428,382
2034,157,Fort Bend County,35,35 yrs,21837,10645,11192,5298,2777,2521,3747,1846,1901,5380,2476,2904,6610,3144,3466,802,402,400
2034,157,Fort Bend County,36,36 yrs,22267,11088,11179,5247,2741,2506,3866,1847,2019,5237,2505,2732,7125,3601,3524,792,394,398
2034,157,Fort Bend County,37,37 yrs,22190,11180,11010,5481,2903,2578,3767,1909,1858,5057,2410,2647,7186,3588,3598,699,370,329
2034,157,Fort Bend County,38,38 yrs,22488,11442,11046,5496,2902,2594,3830,1891,1939,5197,2478,2719,7262,3792,3470,703,379,324
2034,157,Fort Bend County,39,39 yrs,22661,11323,11338,5276,2748,2528,3780,1808,1972,5276,2567,2709,7595,3798,3797,734,402,332
2034,157,Fort Bend County,40,40 yrs,23126,11552,11574,5422,2779,2643,3792,1900,1892,5508,2588,2920,7709,3921,3788,695,364,331
2034,157,Fort Bend County,41,41 yrs,23341,12097,11244,5243,2805,2438,3970,2047,1923,5504,2649,2855,7907,4201,3706,717,395,322
2034,157,Fort Bend County,42,42 yrs,21107,10971,10136,4596,2432,2164,3573,1801,1772,5191,2597,2594,7130,3801,3329,617,340,277
2034,157,Fort Bend County,43,43 yrs,18782,9606,9176,3318,1727,1591,3101,1617,1484,5085,2549,2536,6804,3456,3348,474,257,217
2034,157,Fort Bend County,44,44 yrs,18148,9118,9030,3037,1580,1457,2785,1379,1406,4888,2411,2477,7020,3484,3536,418,264,154
2034,157,Fort Bend County,45,45 yrs,17063,8928,8135,3180,1655,1525,2526,1263,1263,4560,2336,2224,6441,3470,2971,356,204,152
2034,157,Fort Bend County,46,46 yrs,16525,8387,8138,3363,1689,1674,2260,999,1261,4282,2284,1998,6272,3226,3046,348,189,159
2034,157,Fort Bend County,47,47 yrs,16358,8544,7814,3611,1801,1810,2199,1070,1129,4339,2248,2091,5800,3216,2584,409,209,200
2034,157,Fort Bend County,48,48 yrs,16113,8229,7884,3648,1878,1770,2133,992,1141,4284,2263,2021,5712,2920,2792,336,176,160
2034,157,Fort Bend County,49,49 yrs,16564,8487,8077,3978,1966,2012,2105,970,1135,4180,2090,2090,6010,3297,2713,291,164,127
2034,157,Fort Bend County,50,50 yrs,15081,7423,7658,3587,1755,1832,1991,892,1099,3875,1937,1938,5275,2669,2606,353,170,183
2034,157,Fort Bend County,51,51 yrs,15361,7625,7736,4009,1983,2026,2034,939,1095,4138,2071,2067,4860,2474,2386,320,158,162
2034,157,Fort Bend County,52,52 yrs,14858,7493,7365,3957,1940,2017,2020,903,1117,3941,2059,1882,4591,2426,2165,349,165,184
2034,157,Fort Bend County,53,53 yrs,14610,7182,7428,4107,2030,2077,2113,935,1178,3909,1921,1988,4080,2108,1972,401,188,213
2034,157,Fort Bend County,54,54 yrs,14532,7004,7528,4146,2016,2130,2328,991,1337,3629,1826,1803,4078,1999,2079,351,172,179
2034,157,Fort Bend County,55,55 yrs,13667,6539,7128,4082,1994,2088,2141,872,1269,3431,1725,1706,3625,1767,1858,388,181,207
2034,157,Fort Bend County,56,56 yrs,13582,6554,7028,4079,1993,2086,2128,886,1242,3461,1755,1706,3518,1724,1794,396,196,200
2034,157,Fort Bend County,57,57 yrs,13408,6221,7187,4087,1987,2100,2230,926,1304,3372,1605,1767,3399,1575,1824,320,128,192
2034,157,Fort Bend County,58,58 yrs,13279,6263,7016,3952,1931,2021,2193,882,1311,3373,1646,1727,3381,1591,1790,380,213,167
2034,157,Fort Bend County,59,59 yrs,13991,6516,7475,4388,2092,2296,2317,944,1373,3413,1694,1719,3460,1555,1905,413,231,182
2034,157,Fort Bend County,60,60 yrs,13529,6322,7207,4197,2090,2107,2428,973,1455,3054,1473,1581,3446,1569,1877,404,217,187
2034,157,Fort Bend County,61,61 yrs,14051,6556,7495,4448,2152,2296,2535,1019,1516,3171,1520,1651,3526,1682,1844,371,183,188
2034,157,Fort Bend County,62,62 yrs,14381,6573,7808,4888,2331,2557,2586,1032,1554,3116,1464,1652,3425,1545,1880,366,201,165
2034,157,Fort Bend County,63,63 yrs,14686,6866,7820,5248,2560,2688,2661,1068,1593,3042,1461,1581,3362,1560,1802,373,217,156
2034,157,Fort Bend County,64,64 yrs,14203,6481,7722,5265,2504,2761,2412,928,1484,2990,1406,1584,3182,1449,1733,354,194,160
2034,157,Fort Bend County,65,65 yrs,13322,6110,7212,4852,2283,2569,2294,923,1371,2707,1280,1427,3107,1434,1673,362,190,172
2034,157,Fort Bend County,66,66 yrs,12718,5885,6833,4777,2390,2387,2229,888,1341,2620,1190,1430,2813,1300,1513,279,117,162
2034,157,Fort Bend County,67,67 yrs,12654,5947,6707,4831,2377,2454,2145,864,1281,2487,1162,1325,2895,1394,1501,296,150,146
2034,157,Fort Bend County,68,68 yrs,12617,5864,6753,4702,2261,2441,2145,869,1276,2573,1181,1392,2896,1402,1494,301,151,150
2034,157,Fort Bend County,69,69 yrs,12516,5811,6705,5017,2452,2565,2142,826,1316,2444,1122,1322,2573,1249,1324,340,162,178
2034,157,Fort Bend County,70,70 yrs,12467,5544,6923,4941,2246,2695,2137,785,1352,2349,1029,1320,2722,1328,1394,318,156,162
2034,157,Fort Bend County,71,71 yrs,12564,5800,6764,5208,2554,2654,2073,805,1268,2229,980,1249,2732,1297,1435,322,164,158
2034,157,Fort Bend County,72,72 yrs,11897,5409,6488,5237,2469,2768,1943,749,1194,2067,931,1136,2312,1109,1203,338,151,187
2034,157,Fort Bend County,73,73 yrs,12008,5283,6725,5276,2415,2861,2011,792,1219,1944,835,1109,2465,1113,1352,312,128,184
2034,157,Fort Bend County,74,74 yrs,12256,5623,6633,5643,2721,2922,1991,799,1192,1901,864,1037,2433,1096,1337,288,143,145
2034,157,Fort Bend County,75,75 yrs,11868,5309,6559,5714,2665,3049,1863,705,1158,1772,783,989,2254,1027,1227,265,129,136
2034,157,Fort Bend County,76,76 yrs,11561,5261,6300,5586,2716,2870,1850,685,1165,1681,711,970,2194,1019,1175,250,130,120
2034,157,Fort Bend County,77,77 yrs,11063,5042,6021,5424,2640,2784,1731,647,1084,1536,658,878,2113,987,1126,259,110,149
2034,157,Fort Bend County,78,78 yrs,10450,4836,5614,4889,2392,2497,1648,635,1013,1447,644,803,2184,1029,1155,282,136,146
2034,157,Fort Bend County,79,79 yrs,9709,4301,5408,4578,2145,2433,1635,614,1021,1272,516,756,1983,923,1060,241,103,138
2034,157,Fort Bend County,80,80 yrs,8650,3889,4761,4110,1974,2136,1402,484,918,1136,453,683,1812,889,923,190,89,101
2034,157,Fort Bend County,81,81 yrs,8268,3672,4596,3850,1791,2059,1299,459,840,1038,433,605,1883,907,976,198,82,116
2034,157,Fort Bend County,82,82 yrs,7452,3243,4209,3546,1712,1834,1188,363,825,978,402,576,1545,695,850,195,71,124
2034,157,Fort Bend County,83,83 yrs,6549,2860,3689,2990,1383,1607,986,355,631,829,337,492,1589,725,864,155,60,95
2034,157,Fort Bend County,84,84 yrs,6104,2689,3415,2738,1269,1469,917,327,590,815,325,490,1486,715,771,148,53,95
2034,157,Fort Bend County,85,85 yrs,5198,2258,2940,2344,1077,1267,808,264,544,681,267,414,1239,593,646,126,57,69
2034,157,Fort Bend County,86,86 yrs,4683,2001,2682,2231,1012,1219,645,219,426,648,223,425,1055,501,554,104,46,58
2034,157,Fort Bend County,87,87 yrs,4131,1769,2362,2047,922,1125,519,161,358,562,203,359,910,445,465,93,38,55
2034,157,Fort Bend County,88,88 yrs,2847,1203,1644,1253,549,704,347,120,227,467,163,304,738,353,385,42,18,24
2034,157,Fort Bend County,89,89 yrs,2468,1005,1463,1134,476,658,295,92,203,365,128,237,628,291,337,46,18,28
2034,157,Fort Bend County,90,90 yrs,2037,827,1210,967,418,549,246,66,180,307,95,212,491,238,253,26,10,16
2034,157,Fort Bend County,91,91 yrs,1628,672,956,773,323,450,174,51,123,254,79,175,408,213,195,19,6,13
2034,157,Fort Bend County,92,92 yrs,1193,480,713,551,221,330,123,34,89,184,67,117,316,153,163,19,5,14
2034,157,Fort Bend County,93,93 yrs,973,355,618,417,158,259,104,28,76,172,51,121,269,116,153,11,2,9
2034,157,Fort Bend County,94,94 yrs,735,279,456,316,117,199,69,18,51,136,41,95,207,101,106,7,2,5
2034,157,Fort Bend County,95,95+ yrs,1894,632,1262,735,241,494,186,39,147,417,102,315,546,248,298,10,2,8
2035,157,Fort Bend County,-1,All Ages,1424830,701950,722880,390101,195610,194491,229628,106629,122999,358384,175367,183017,391522,196628,194894,55195,27716,27479
2035,157,Fort Bend County,0,< 1 yr,18239,9306,8933,3892,1984,1908,2785,1421,1364,5908,3013,2895,4288,2191,2097,1366,697,669
2035,157,Fort Bend County,1,1 yr,18487,9426,9061,3936,2008,1928,2805,1427,1378,5942,3029,2913,4457,2280,2177,1347,682,665
2035,157,Fort Bend County,2,2 yrs,18812,9614,9198,3992,2038,1954,2849,1449,1400,6001,3059,2942,4638,2392,2246,1332,676,656
2035,157,Fort Bend County,3,3 yrs,19139,9777,9362,4043,2066,1977,2898,1470,1428,6058,3089,2969,4822,2489,2333,1318,663,655
2035,157,Fort Bend County,4,4 yrs,19450,9963,9487,4080,2086,1994,2948,1496,1452,6112,3116,2996,5009,2609,2400,1301,656,645
2035,157,Fort Bend County,5,5 yrs,19745,10110,9635,4107,2103,2004,2999,1518,1481,6162,3141,3021,5193,2705,2488,1284,643,641
2035,157,Fort Bend County,6,6 yrs,19825,10168,9657,4120,2110,2010,3040,1539,1501,6167,3147,3020,5237,2741,2496,1261,631,630
2035,157,Fort Bend County,7,7 yrs,19849,10163,9686,4114,2107,2007,3076,1551,1525,6159,3148,3011,5268,2745,2523,1232,612,620
2035,157,Fort Bend County,8,8 yrs,19847,10183,9664,4096,2099,1997,3100,1563,1537,6152,3150,3002,5295,2773,2522,1204,598,606
2035,157,Fort Bend County,9,9 yrs,19785,10141,9644,4061,2085,1976,3113,1564,1549,6133,3146,2987,5307,2768,2539,1171,578,593
2035,157,Fort Bend County,10,10 yrs,19703,10113,9590,4022,2063,1959,3123,1569,1554,6111,3137,2974,5310,2781,2529,1137,563,574
2035,157,Fort Bend County,11,11 yrs,19457,9974,9483,4014,2064,1950,3132,1572,1560,6027,3092,2935,5181,2706,2475,1103,540,563
2035,157,Fort Bend County,12,12 yrs,19185,9854,9331,3994,2059,1935,3137,1574,1563,5938,3043,2895,5045,2650,2395,1071,528,543
2035,157,Fort Bend County,13,13 yrs,18887,9682,9205,3971,2049,1922,3134,1570,1564,5843,2990,2853,4907,2568,2339,1032,505,527
2035,157,Fort Bend County,14,14 yrs,18590,9553,9037,3961,2052,1909,3125,1567,1558,5745,2935,2810,4759,2506,2253,1000,493,507
2035,157,Fort Bend County,15,15 yrs,18239,9334,8905,3933,2030,1903,3100,1547,1553,5638,2876,2762,4604,2410,2194,964,471,493
2035,157,Fort Bend County,16,16 yrs,17892,9179,8713,3981,2067,1914,3074,1537,1537,5450,2780,2670,4458,2340,2118,929,455,474
2035,157,Fort Bend County,17,17 yrs,17376,8895,8481,3979,2069,1910,3004,1500,1504,5246,2673,2573,4271,2224,2047,876,429,447
2035,157,Fort Bend County,18,18 yrs,16166,8343,7823,3687,1956,1731,2804,1422,1382,4934,2520,2414,3911,2040,1871,830,405,425
2035,157,Fort Bend County,19,19 yrs,14727,7580,7147,3255,1719,1536,2610,1328,1282,4535,2323,2212,3536,1830,1706,791,380,411
2035,157,Fort Bend County,20,20 yrs,14517,7499,7018,3307,1765,1542,2613,1337,1276,4422,2258,2164,3399,1767,1632,776,372,404
2035,157,Fort Bend County,21,21 yrs,14432,7396,7036,3265,1732,1533,2599,1319,1280,4374,2216,2158,3436,1764,1672,758,365,393
2035,157,Fort Bend County,22,22 yrs,14480,7373,7107,3291,1733,1558,2588,1304,1284,4323,2164,2159,3522,1801,1721,756,371,385
2035,157,Fort Bend County,23,23 yrs,14720,7442,7278,3454,1803,1651,2584,1296,1288,4285,2128,2157,3655,1854,1801,742,361,381
2035,157,Fort Bend County,24,24 yrs,14850,7501,7349,3548,1854,1694,2572,1286,1286,4260,2098,2162,3733,1903,1830,737,360,377
2035,157,Fort Bend County,25,25 yrs,15947,8131,7816,4227,2346,1881,2638,1291,1347,4264,2058,2206,4085,2071,2014,733,365,368
2035,157,Fort Bend County,26,26 yrs,16920,8468,8452,4638,2451,2187,2968,1444,1524,4347,2067,2280,4217,2102,2115,750,404,346
2035,157,Fort Bend County,27,27 yrs,17470,8716,8754,4581,2403,2178,3029,1495,1534,4377,2139,2238,4772,2333,2439,711,346,365
2035,157,Fort Bend County,28,28 yrs,18419,9077,9342,4834,2531,2303,3204,1557,1647,4630,2190,2440,4991,2429,2562,760,370,390
2035,157,Fort Bend County,29,29 yrs,18954,9498,9456,5122,2787,2335,3199,1632,1567,4653,2244,2409,5264,2492,2772,716,343,373
2035,157,Fort Bend County,30,30 yrs,19449,9434,10015,5136,2732,2404,3256,1531,1725,4903,2327,2576,5369,2448,2921,785,396,389
2035,157,Fort Bend County,31,31 yrs,20654,10040,10614,5390,2730,2660,3473,1691,1782,4965,2368,2597,5966,2807,3159,860,444,416
2035,157,Fort Bend County,32,32 yrs,21124,10326,10798,5316,2665,2651,3551,1829,1722,5187,2405,2782,6311,3062,3249,759,365,394
2035,157,Fort Bend County,33,33 yrs,21231,10800,10431,5447,2891,2556,3507,1767,1740,5269,2467,2802,6213,3224,2989,795,451,344
2035,157,Fort Bend County,34,34 yrs,22543,11290,11253,5542,2906,2636,3792,1857,1935,5314,2497,2817,7034,3578,3456,861,452,409
2035,157,Fort Bend County,35,35 yrs,22722,11363,11359,5781,3145,2636,3815,1899,1916,5428,2568,2860,6857,3305,3552,841,446,395
2035,157,Fort Bend County,36,36 yrs,22599,11047,11552,5421,2844,2577,3810,1876,1934,5543,2554,2989,6985,3348,3637,840,425,415
2035,157,Fort Bend County,37,37 yrs,23050,11506,11544,5366,2804,2562,3929,1876,2053,5400,2585,2815,7532,3831,3701,823,410,413
2035,157,Fort Bend County,38,38 yrs,22961,11593,11368,5603,2970,2633,3824,1935,1889,5210,2484,2726,7596,3816,3780,728,388,340
2035,157,Fort Bend County,39,39 yrs,23270,11875,11395,5617,2968,2649,3887,1918,1969,5355,2558,2797,7678,4033,3645,733,398,335
2035,157,Fort Bend County,40,40 yrs,23481,11768,11713,5402,2817,2585,3846,1838,2008,5440,2649,2791,8029,4043,3986,764,421,343
2035,157,Fort Bend County,41,41 yrs,23646,11845,11801,5545,2844,2701,3845,1923,1922,5593,2636,2957,7941,4062,3879,722,380,342
2035,157,Fort Bend County,42,42 yrs,23858,12397,11461,5360,2869,2491,4018,2069,1949,5591,2698,2893,8144,4349,3795,745,412,333
2035,157,Fort Bend County,43,43 yrs,21577,11246,10331,4697,2485,2212,3619,1823,1796,5270,2643,2627,7350,3940,3410,641,355,286
2035,157,Fort Bend County,44,44 yrs,19195,9840,9355,3388,1764,1624,3139,1633,1506,5167,2597,2570,7010,3579,3431,491,267,224
2035,157,Fort Bend County,45,45 yrs,18579,9372,9207,3114,1625,1489,2825,1400,1425,4968,2457,2511,7238,3615,3623,434,275,159
2035,157,Fort Bend County,46,46 yrs,17327,9060,8267,3239,1683,1556,2547,1270,1277,4611,2363,2248,6561,3532,3029,369,212,157
2035,157,Fort Bend County,47,47 yrs,16806,8532,8274,3437,1728,1709,2290,1012,1278,4330,2311,2019,6389,3285,3104,360,196,164
2035,157,Fort Bend County,48,48 yrs,16621,8681,7940,3682,1836,1846,2218,1077,1141,4388,2276,2112,5908,3274,2634,425,218,207
2035,157,Fort Bend County,49,49 yrs,16364,8353,8011,3718,1912,1806,2154,1000,1154,4329,2288,2041,5816,2971,2845,347,182,165
2035,157,Fort Bend County,50,50 yrs,16832,8629,8203,4058,2006,2052,2120,975,1145,4227,2117,2110,6123,3358,2765,304,173,131
2035,157,Fort Bend County,51,51 yrs,15271,7506,7765,3653,1788,1865,2001,892,1109,3893,1943,1950,5360,2706,2654,364,177,187
2035,157,Fort Bend County,52,52 yrs,15541,7700,7841,4080,2018,2062,2045,941,1104,4151,2073,2078,4936,2505,2431,329,163,166
2035,157,Fort Bend County,53,53 yrs,15030,7568,7462,4026,1975,2051,2030,904,1126,3952,2060,1892,4662,2458,2204,360,171,189
2035,157,Fort Bend County,54,54 yrs,14772,7250,7522,4173,2061,2112,2122,936,1186,3920,1922,1998,4142,2134,2008,415,197,218
2035,157,Fort Bend County,55,55 yrs,14745,7086,7659,4245,2058,2187,2343,992,1351,3646,1830,1816,4146,2026,2120,365,180,185
2035,157,Fort Bend County,56,56 yrs,13845,6613,7232,4152,2027,2125,2146,870,1276,3457,1737,1720,3691,1792,1899,399,187,212
2035,157,Fort Bend County,57,57 yrs,13751,6623,7128,4145,2023,2122,2131,883,1248,3485,1766,1719,3582,1748,1834,408,203,205
2035,157,Fort Bend County,58,58 yrs,13569,6282,7287,4153,2018,2135,2230,920,1310,3396,1616,1780,3460,1595,1865,330,133,197
2035,157,Fort Bend County,59,59 yrs,13427,6319,7108,4011,1956,2055,2194,878,1316,3393,1655,1738,3439,1611,1828,390,219,171
2035,157,Fort Bend County,60,60 yrs,14159,6585,7574,4458,2125,2333,2318,940,1378,3433,1704,1729,3524,1576,1948,426,240,186
2035,157,Fort Bend County,61,61 yrs,13712,6391,7321,4257,2117,2140,2423,964,1459,3083,1475,1608,3534,1612,1922,415,223,192
2035,157,Fort Bend County,62,62 yrs,14235,6624,7611,4511,2179,2332,2528,1009,1519,3199,1520,1679,3616,1728,1888,381,188,193
2035,157,Fort Bend County,63,63 yrs,14558,6635,7923,4954,2359,2595,2576,1020,1556,3144,1464,1680,3510,1587,1923,374,205,169
2035,157,Fort Bend County,64,64 yrs,14857,6926,7931,5313,2587,2726,2649,1056,1593,3065,1459,1606,3446,1601,1845,384,223,161
2035,157,Fort Bend County,65,65 yrs,14364,6536,7828,5327,2529,2798,2399,915,1484,3008,1401,1607,3266,1491,1775,364,200,164
2035,157,Fort Bend County,66,66 yrs,13479,6171,7308,4913,2309,2604,2294,917,1377,2735,1289,1446,3161,1460,1701,376,196,180
2035,157,Fort Bend County,67,67 yrs,12843,5929,6914,4830,2413,2417,2226,882,1344,2645,1195,1450,2852,1318,1534,290,121,169
2035,157,Fort Bend County,68,68 yrs,12762,5983,6779,4880,2397,2483,2141,857,1284,2508,1166,1342,2927,1409,1518,306,154,152
2035,157,Fort Bend County,69,69 yrs,12702,5885,6817,4745,2277,2468,2137,859,1278,2589,1182,1407,2921,1412,1509,310,155,155
2035,157,Fort Bend County,70,70 yrs,12590,5827,6763,5057,2466,2591,2131,816,1315,2457,1122,1335,2594,1257,1337,351,166,185
2035,157,Fort Bend County,71,71 yrs,12544,5562,6982,4971,2253,2718,2123,773,1350,2353,1025,1328,2769,1351,1418,328,160,168
2035,157,Fort Bend County,72,72 yrs,12614,5799,6815,5231,2558,2673,2054,789,1265,2231,975,1256,2766,1309,1457,332,168,164
2035,157,Fort Bend County,73,73 yrs,11918,5394,6524,5253,2469,2784,1919,733,1186,2064,923,1141,2334,1115,1219,348,154,194
2035,157,Fort Bend County,74,74 yrs,12012,5255,6757,5282,2408,2874,1985,773,1212,1938,826,1112,2487,1117,1370,320,131,189
2035,157,Fort Bend County,75,75 yrs,12226,5579,6647,5635,2707,2928,1960,778,1182,1888,852,1036,2448,1097,1351,295,145,150
2035,157,Fort Bend County,76,76 yrs,11885,5296,6589,5730,2665,3065,1843,689,1154,1746,769,977,2297,1043,1254,269,130,139
2035,157,Fort Bend County,77,77 yrs,11537,5229,6308,5586,2708,2878,1822,666,1156,1651,696,955,2224,1028,1196,254,131,123
2035,157,Fort Bend County,78,78 yrs,10999,4988,6011,5404,2620,2784,1703,628,1075,1503,640,863,2127,990,1137,262,110,152
2035,157,Fort Bend County,79,79 yrs,10356,4764,5592,4855,2367,2488,1613,615,998,1409,623,786,2195,1023,1172,284,136,148
2035,157,Fort Bend County,80,80 yrs,9582,4220,5362,4525,2110,2415,1594,590,1004,1234,497,737,1987,920,1067,242,103,139
2035,157,Fort Bend County,81,81 yrs,8470,3785,4685,3995,1905,2090,1345,456,889,1126,441,685,1816,896,920,188,87,101
2035,157,Fort Bend County,82,82 yrs,8045,3548,4497,3718,1716,2002,1239,429,810,1024,419,605,1868,904,964,196,80,116
2035,157,Fort Bend County,83,83 yrs,7216,3114,4102,3404,1630,1774,1129,338,791,959,386,573,1532,691,841,192,69,123
2035,157,Fort Bend County,84,84 yrs,6310,2730,3580,2853,1307,1546,932,328,604,806,320,486,1567,717,850,152,58,94
2035,157,Fort Bend County,85,85 yrs,5840,2548,3292,2594,1190,1404,859,299,560,788,308,480,1457,702,755,142,49,93
2035,157,Fort Bend County,86,86 yrs,4898,2106,2792,2201,1000,1201,744,238,506,654,251,403,1185,566,619,114,51,63
2035,157,Fort Bend County,87,87 yrs,4377,1846,2531,2072,927,1145,593,198,395,616,207,409,1003,474,529,93,40,53
2035,157,Fort Bend County,88,88 yrs,3808,1609,2199,1879,834,1045,468,141,327,527,186,341,850,414,436,84,34,50
2035,157,Fort Bend County,89,89 yrs,2603,1083,1520,1135,490,645,312,105,207,434,148,286,686,325,361,36,15,21
2035,157,Fort Bend County,90,90 yrs,2223,890,1333,1014,418,596,260,78,182,334,114,220,577,265,312,38,15,23
2035,157,Fort Bend County,91,91 yrs,1809,721,1088,848,359,489,214,54,160,276,84,192,450,217,233,21,7,14
2035,157,Fort Bend County,92,92 yrs,1421,576,845,665,272,393,148,42,106,225,68,157,366,189,177,17,5,12
2035,157,Fort Bend County,93,93 yrs,1023,403,620,464,181,283,107,29,78,159,56,103,279,133,146,14,4,10
2035,157,Fort Bend County,94,94 yrs,810,289,521,342,125,217,83,21,62,146,42,104,230,99,131,9,2,7
2035,157,Fort Bend County,95,95+ yrs,2094,721,1373,798,266,532,200,44,156,450,115,335,633,293,340,13,3,10
2036,157,Fort Bend County,-1,All Ages,1472074,725495,746579,398084,199666,198418,234091,108708,125383,370405,181117,189288,411238,206728,204510,58256,29276,28980
2036,157,Fort Bend County,0,< 1 yr,18629,9492,9137,3916,1997,1919,2803,1428,1375,6046,3083,2963,4448,2264,2184,1416,720,696
2036,157,Fort Bend County,1,1 yr,18885,9642,9243,3968,2024,1944,2819,1435,1384,6083,3101,2982,4620,2372,2248,1395,710,685
2036,157,Fort Bend County,2,2 yrs,19233,9817,9416,4030,2058,1972,2864,1455,1409,6142,3131,3011,4813,2474,2339,1384,699,685
2036,157,Fort Bend County,3,3 yrs,19574,10014,9560,4088,2089,1999,2908,1477,1431,6202,3161,3041,5006,2594,2412,1370,693,677
2036,157,Fort Bend County,4,4 yrs,19917,10186,9731,4139,2117,2022,2959,1499,1460,6261,3192,3069,5203,2698,2505,1355,680,675
2036,157,Fort Bend County,5,5 yrs,20246,10384,9862,4178,2138,2040,3009,1525,1484,6316,3220,3096,5405,2828,2577,1338,673,665
2036,157,Fort Bend County,6,6 yrs,20361,10428,9933,4205,2154,2051,3059,1546,1513,6325,3229,3096,5455,2842,2613,1317,657,660
2036,157,Fort Bend County,7,7 yrs,20444,10489,9955,4218,2161,2057,3100,1567,1533,6331,3236,3095,5501,2880,2621,1294,645,649
2036,157,Fort Bend County,8,8 yrs,20472,10486,9986,4213,2159,2054,3138,1580,1558,6323,3237,3086,5533,2884,2649,1265,626,639
2036,157,Fort Bend County,9,9 yrs,20472,10508,9964,4194,2151,2043,3163,1592,1571,6316,3239,3077,5563,2914,2649,1236,612,624
2036,157,Fort Bend County,10,10 yrs,20408,10464,9944,4158,2136,2022,3176,1593,1583,6296,3234,3062,5576,2910,2666,1202,591,611
2036,157,Fort Bend County,11,11 yrs,20211,10376,9835,4165,2140,2025,3198,1606,1592,6219,3189,3030,5458,2862,2596,1171,579,592
2036,157,Fort Bend County,12,12 yrs,19957,10233,9724,4156,2141,2015,3206,1608,1598,6133,3143,2990,5326,2785,2541,1136,556,580
2036,157,Fort Bend County,13,13 yrs,19677,10108,9569,4135,2135,2000,3211,1610,1601,6043,3093,2950,5185,2727,2458,1103,543,560
2036,157,Fort Bend County,14,14 yrs,19370,9930,9440,4111,2125,1986,3207,1605,1602,5945,3038,2907,5043,2642,2401,1064,520,544
2036,157,Fort Bend County,15,15 yrs,19012,9752,9260,4080,2110,1970,3189,1593,1596,5840,2977,2863,4878,2569,2309,1025,503,522
2036,157,Fort Bend County,16,16 yrs,18642,9549,9093,4108,2130,1978,3169,1584,1585,5641,2877,2764,4736,2475,2261,988,483,505
2036,157,Fort Bend County,17,17 yrs,18114,9291,8823,4105,2136,1969,3102,1551,1551,5431,2770,2661,4541,2377,2164,935,457,478
2036,157,Fort Bend County,18,18 yrs,16848,8676,8172,3779,2005,1774,2904,1469,1435,5107,2606,2501,4173,2167,2006,885,429,456
2036,157,Fort Bend County,19,19 yrs,15353,7920,7433,3334,1761,1573,2707,1380,1327,4699,2406,2293,3772,1964,1808,841,409,432
2036,157,Fort Bend County,20,20 yrs,15123,7793,7330,3381,1803,1578,2712,1384,1328,4577,2339,2238,3630,1876,1754,823,391,432
2036,157,Fort Bend County,21,21 yrs,15020,7709,7311,3336,1772,1564,2698,1369,1329,4522,2289,2233,3656,1889,1767,808,390,418
2036,157,Fort Bend County,22,22 yrs,15055,7648,7407,3366,1771,1595,2692,1355,1337,4481,2244,2237,3724,1892,1832,792,386,406
2036,157,Fort Bend County,23,23 yrs,15281,7741,7540,3515,1837,1678,2678,1345,1333,4437,2202,2235,3860,1970,1890,791,387,404
2036,157,Fort Bend County,24,24 yrs,15350,7738,7612,3590,1874,1716,2650,1324,1326,4410,2174,2236,3924,1989,1935,776,377,399
2036,157,Fort Bend County,25,25 yrs,15471,7779,7692,3687,1927,1760,2653,1321,1332,4360,2131,2229,4003,2023,1980,768,377,391
2036,157,Fort Bend County,26,26 yrs,16839,8562,8277,4395,2438,1957,2705,1323,1382,4483,2150,2333,4488,2268,2220,768,383,385
2036,157,Fort Bend County,27,27 yrs,17759,8845,8914,4758,2521,2237,3040,1475,1565,4561,2155,2406,4618,2271,2347,782,423,359
2036,157,Fort Bend County,28,28 yrs,18414,9164,9250,4747,2499,2248,3092,1529,1563,4595,2232,2363,5239,2542,2697,741,362,379
2036,157,Fort Bend County,29,29 yrs,19308,9448,9860,4927,2571,2356,3275,1587,1688,4847,2276,2571,5469,2629,2840,790,385,405
2036,157,Fort Bend County,30,30 yrs,19841,9864,9977,5250,2854,2396,3256,1655,1601,4873,2334,2539,5715,2662,3053,747,359,388
2036,157,Fort Bend County,31,31 yrs,20509,9980,10529,5294,2818,2476,3330,1560,1770,5134,2438,2696,5931,2748,3183,820,416,404
2036,157,Fort Bend County,32,32 yrs,21682,10559,11123,5526,2802,2724,3541,1724,1817,5192,2475,2717,6529,3093,3436,894,465,429
2036,157,Fort Bend County,33,33 yrs,22193,10879,11314,5446,2733,2713,3622,1863,1759,5415,2508,2907,6918,3393,3525,792,382,410
2036,157,Fort Bend County,34,34 yrs,22258,11351,10907,5577,2959,2618,3571,1799,1772,5497,2575,2922,6785,3545,3240,828,473,355
2036,157,Fort Bend County,35,35 yrs,23652,11871,11781,5671,2977,2694,3858,1883,1975,5548,2606,2942,7684,3936,3748,891,469,422
2036,157,Fort Bend County,36,36 yrs,23515,11791,11724,5915,3221,2694,3879,1930,1949,5593,2650,2943,7248,3520,3728,880,470,410
2036,157,Fort Bend County,37,37 yrs,23386,11456,11930,5543,2909,2634,3871,1905,1966,5716,2636,3080,7383,3564,3819,873,442,431
2036,157,Fort Bend County,38,38 yrs,23854,11938,11916,5484,2868,2616,3988,1901,2087,5563,2665,2898,7961,4074,3887,858,430,428
2036,157,Fort Bend County,39,39 yrs,23758,12027,11731,5724,3037,2687,3880,1962,1918,5368,2564,2804,8027,4057,3970,759,407,352
2036,157,Fort Bend County,40,40 yrs,24104,12337,11767,5750,3042,2708,3954,1950,2004,5521,2639,2882,8116,4289,3827,763,417,346
2036,157,Fort Bend County,41,41 yrs,24013,12068,11945,5524,2882,2642,3897,1859,2038,5524,2698,2826,8274,4190,4084,794,439,355
2036,157,Fort Bend County,42,42 yrs,24165,12139,12026,5667,2909,2758,3889,1942,1947,5681,2686,2995,8177,4205,3972,751,397,354
2036,157,Fort Bend County,43,43 yrs,24385,12706,11679,5476,2932,2544,4067,2093,1974,5676,2746,2930,8390,4504,3886,776,431,345
2036,157,Fort Bend County,44,44 yrs,22049,11521,10528,4796,2539,2257,3663,1842,1821,5354,2692,2662,7572,4079,3493,664,369,295
2036,157,Fort Bend County,45,45 yrs,19646,10110,9536,3472,1813,1659,3185,1659,1526,5250,2647,2603,7230,3713,3517,509,278,231
2036,157,Fort Bend County,46,46 yrs,18871,9514,9357,3172,1653,1519,2850,1408,1442,5024,2486,2538,7374,3681,3693,451,286,165
2036,157,Fort Bend County,47,47 yrs,17619,9218,8401,3309,1721,1588,2579,1286,1293,4663,2392,2271,6685,3598,3087,383,221,162
2036,157,Fort Bend County,48,48 yrs,17074,8667,8407,3504,1761,1743,2311,1018,1293,4379,2340,2039,6506,3344,3162,374,204,170
2036,157,Fort Bend County,49,49 yrs,16878,8812,8066,3753,1869,1884,2237,1085,1152,4434,2301,2133,6015,3332,2683,439,225,214
2036,157,Fort Bend County,50,50 yrs,16628,8489,8139,3795,1952,1843,2171,1005,1166,4377,2317,2060,5924,3024,2900,361,191,170
2036,157,Fort Bend County,51,51 yrs,17050,8729,8321,4134,2044,2090,2130,975,1155,4246,2124,2122,6225,3406,2819,315,180,135
2036,157,Fort Bend County,52,52 yrs,15456,7584,7872,3719,1821,1898,2012,894,1118,3906,1945,1961,5444,2741,2703,375,183,192
2036,157,Fort Bend County,53,53 yrs,15723,7777,7946,4152,2054,2098,2054,942,1112,4164,2074,2090,5014,2538,2476,339,169,170
2036,157,Fort Bend County,54,54 yrs,15197,7639,7558,4090,2004,2086,2039,905,1134,3962,2061,1901,4734,2490,2244,372,179,193
2036,157,Fort Bend County,55,55 yrs,14989,7338,7651,4272,2104,2168,2136,937,1199,3939,1927,2012,4209,2163,2046,433,207,226
2036,157,Fort Bend County,56,56 yrs,14936,7165,7771,4319,2093,2226,2348,989,1359,3672,1842,1830,4221,2055,2166,376,186,190
2036,157,Fort Bend County,57,57 yrs,14019,6684,7335,4220,2058,2162,2149,867,1282,3482,1749,1733,3757,1816,1941,411,194,217
2036,157,Fort Bend County,58,58 yrs,13918,6692,7226,4213,2056,2157,2131,877,1254,3508,1778,1730,3646,1771,1875,420,210,210
2036,157,Fort Bend County,59,59 yrs,13722,6339,7383,4216,2046,2170,2232,917,1315,3416,1625,1791,3519,1614,1905,339,137,202
2036,157,Fort Bend County,60,60 yrs,13585,6383,7202,4075,1987,2088,2194,873,1321,3413,1664,1749,3500,1631,1869,403,228,175
2036,157,Fort Bend County,61,61 yrs,14355,6656,7699,4524,2154,2370,2313,931,1382,3464,1705,1759,3616,1620,1996,438,246,192
2036,157,Fort Bend County,62,62 yrs,13895,6458,7437,4319,2144,2175,2416,955,1461,3110,1474,1636,3624,1656,1968,426,229,197
2036,157,Fort Bend County,63,63 yrs,14413,6689,7724,4573,2206,2367,2518,997,1521,3228,1520,1708,3704,1774,1930,390,192,198
2036,157,Fort Bend County,64,64 yrs,14733,6697,8036,5017,2385,2632,2565,1009,1556,3169,1463,1706,3597,1629,1968,385,211,174
2036,157,Fort Bend County,65,65 yrs,15023,6985,8038,5375,2612,2763,2633,1041,1592,3085,1455,1630,3535,1647,1888,395,230,165
2036,157,Fort Bend County,66,66 yrs,14531,6599,7932,5394,2558,2836,2399,909,1490,3038,1410,1628,3322,1516,1806,378,206,172
2036,157,Fort Bend County,67,67 yrs,13615,6219,7396,4970,2332,2638,2290,910,1380,2759,1294,1465,3206,1481,1725,390,202,188
2036,157,Fort Bend County,68,68 yrs,12951,5965,6986,4879,2434,2445,2220,874,1346,2668,1200,1468,2883,1332,1551,301,125,176
2036,157,Fort Bend County,69,69 yrs,12849,6005,6844,4924,2414,2510,2132,847,1285,2523,1166,1357,2954,1420,1534,316,158,158
2036,157,Fort Bend County,70,70 yrs,12777,5900,6877,4783,2290,2493,2126,849,1277,2603,1182,1421,2944,1420,1524,321,159,162
2036,157,Fort Bend County,71,71 yrs,12665,5845,6820,5087,2474,2613,2118,805,1313,2460,1117,1343,2638,1279,1359,362,170,192
2036,157,Fort Bend County,72,72 yrs,12596,5565,7031,4994,2257,2737,2104,759,1345,2355,1020,1335,2805,1365,1440,338,164,174
2036,157,Fort Bend County,73,73 yrs,12634,5783,6851,5247,2558,2689,2028,772,1256,2227,966,1261,2792,1316,1476,340,171,169
2036,157,Fort Bend County,74,74 yrs,11920,5365,6555,5258,2461,2797,1895,716,1179,2057,913,1144,2353,1118,1235,357,157,200
2036,157,Fort Bend County,75,75 yrs,11985,5213,6772,5276,2395,2881,1955,753,1202,1926,815,1111,2502,1118,1384,326,132,194
2036,157,Fort Bend County,76,76 yrs,12243,5566,6677,5653,2709,2944,1936,760,1176,1859,836,1023,2495,1114,1381,300,147,153
2036,157,Fort Bend County,77,77 yrs,11865,5264,6601,5731,2657,3074,1816,670,1146,1713,752,961,2330,1053,1277,275,132,143
2036,157,Fort Bend County,78,78 yrs,11474,5176,6298,5567,2688,2879,1793,646,1147,1616,677,939,2240,1033,1207,258,132,126
2036,157,Fort Bend County,79,79 yrs,10902,4917,5985,5368,2593,2775,1666,608,1058,1464,620,844,2139,986,1153,265,110,155
2036,157,Fort Bend County,80,80 yrs,10224,4675,5549,4800,2329,2471,1570,590,980,1367,601,766,2201,1019,1182,286,136,150
2036,157,Fort Bend County,81,81 yrs,9379,4106,5273,4399,2037,2362,1528,556,972,1221,483,738,1991,929,1062,240,101,139
2036,157,Fort Bend County,82,82 yrs,8242,3659,4583,3858,1826,2032,1284,427,857,1111,427,684,1803,894,909,186,85,101
2036,157,Fort Bend County,83,83 yrs,7795,3412,4383,3570,1634,1936,1178,400,778,1003,402,601,1851,898,953,193,78,115
2036,157,Fort Bend County,84,84 yrs,6949,2970,3979,3248,1541,1707,1069,312,757,934,367,567,1511,684,827,187,66,121
2036,157,Fort Bend County,85,85 yrs,6039,2587,3452,2704,1226,1478,874,301,573,780,303,477,1535,703,832,146,54,92
2036,157,Fort Bend County,86,86 yrs,5506,2378,3128,2435,1105,1330,792,271,521,755,288,467,1394,670,724,130,44,86
2036,157,Fort Bend County,87,87 yrs,4575,1942,2633,2045,917,1128,682,213,469,619,232,387,1127,536,591,102,44,58
2036,157,Fort Bend County,88,88 yrs,4036,1680,2356,1901,838,1063,535,174,361,579,190,389,938,442,496,83,36,47
2036,157,Fort Bend County,89,89 yrs,3479,1448,2031,1702,745,957,421,124,297,491,169,322,792,382,410,73,28,45
2036,157,Fort Bend County,90,90 yrs,2349,961,1388,1015,430,585,276,90,186,396,131,265,631,297,334,31,13,18
2036,157,Fort Bend County,91,91 yrs,1982,780,1202,891,360,531,229,66,163,300,100,200,530,242,288,32,12,20
2036,157,Fort Bend County,92,92 yrs,1580,619,961,730,303,427,183,45,138,245,72,173,404,193,211,18,6,12
2036,157,Fort Bend County,93,93 yrs,1222,484,738,561,223,338,129,36,93,196,57,139,323,164,159,13,4,9
2036,157,Fort Bend County,94,94 yrs,853,329,524,381,143,238,86,22,64,136,46,90,240,115,125,10,3,7
2036,157,Fort Bend County,95,95+ yrs,2318,799,1519,865,290,575,222,50,172,486,126,360,729,330,399,16,3,13
2037,157,Fort Bend County,-1,All Ages,1520308,749575,770733,405988,203692,202296,238516,110777,127739,382672,186990,195682,431689,217206,214483,61443,30910,30533
2037,157,Fort Bend County,0,< 1 yr,19022,9707,9315,3930,2004,1926,2826,1442,1384,6188,3156,3032,4611,2356,2255,1467,749,718
2037,157,Fort Bend County,1,1 yr,19292,9836,9456,3992,2037,1955,2837,1442,1395,6225,3173,3052,4791,2451,2340,1447,733,714
2037,157,Fort Bend County,2,2 yrs,19647,10041,9606,4062,2073,1989,2877,1463,1414,6285,3204,3081,4988,2573,2415,1435,728,707
2037,157,Fort Bend County,3,3 yrs,20010,10226,9784,4125,2108,2017,2921,1482,1439,6347,3236,3111,5194,2683,2511,1423,717,706
2037,157,Fort Bend County,4,4 yrs,20371,10433,9938,4185,2140,2045,2968,1506,1462,6409,3266,3143,5401,2811,2590,1408,710,698
2037,157,Fort Bend County,5,5 yrs,20730,10615,10115,4236,2168,2068,3019,1527,1492,6470,3299,3171,5612,2924,2688,1393,697,696
2037,157,Fort Bend County,6,6 yrs,20878,10711,10167,4277,2190,2087,3069,1553,1516,6484,3310,3174,5676,2970,2706,1372,688,684
2037,157,Fort Bend County,7,7 yrs,20998,10759,10239,4305,2207,2098,3120,1574,1546,6493,3320,3173,5729,2986,2743,1351,672,679
2037,157,Fort Bend County,8,8 yrs,21085,10821,10264,4318,2214,2104,3163,1596,1567,6499,3327,3172,5778,3025,2753,1327,659,668
2037,157,Fort Bend County,9,9 yrs,21111,10818,10293,4313,2212,2101,3200,1609,1591,6490,3328,3162,5810,3029,2781,1298,640,658
2037,157,Fort Bend County,10,10 yrs,21112,10841,10271,4292,2203,2089,3226,1621,1605,6483,3330,3153,5843,3061,2782,1268,626,642
2037,157,Fort Bend County,11,11 yrs,20932,10735,10197,4306,2216,2090,3251,1630,1621,6406,3287,3119,5731,2994,2737,1238,608,630
2037,157,Fort Bend County,12,12 yrs,20729,10645,10084,4312,2220,2092,3273,1643,1630,6328,3241,3087,5610,2945,2665,1206,596,610
2037,157,Fort Bend County,13,13 yrs,20464,10495,9969,4302,2220,2082,3280,1644,1636,6240,3194,3046,5472,2865,2607,1170,572,598
2037,157,Fort Bend County,14,14 yrs,20174,10366,9808,4280,2214,2066,3284,1646,1638,6148,3143,3005,5326,2804,2522,1136,559,577
2037,157,Fort Bend County,15,15 yrs,19810,10139,9671,4234,2185,2049,3273,1632,1641,6042,3081,2961,5171,2710,2461,1090,531,559
2037,157,Fort Bend County,16,16 yrs,19433,9977,9456,4262,2214,2048,3260,1631,1629,5841,2977,2864,5018,2638,2380,1052,517,535
2037,157,Fort Bend County,17,17 yrs,18873,9666,9207,4234,2200,2034,3198,1598,1600,5620,2866,2754,4825,2515,2310,996,487,509
2037,157,Fort Bend County,18,18 yrs,17579,9068,8511,3899,2070,1829,3001,1520,1481,5289,2701,2588,4445,2319,2126,945,458,487
2037,157,Fort Bend County,19,19 yrs,16027,8251,7776,3419,1806,1613,2808,1428,1380,4870,2491,2379,4034,2092,1942,896,434,462
2037,157,Fort Bend County,20,20 yrs,15758,8137,7621,3461,1845,1616,2809,1436,1373,4742,2422,2320,3872,2013,1859,874,421,453
2037,157,Fort Bend County,21,21 yrs,15650,8013,7637,3411,1810,1601,2799,1417,1382,4679,2370,2309,3904,2006,1898,857,410,447
2037,157,Fort Bend County,22,22 yrs,15671,7973,7698,3438,1811,1627,2794,1406,1388,4632,2317,2315,3962,2026,1936,845,413,432
2037,157,Fort Bend County,23,23 yrs,15878,8026,7852,3593,1876,1717,2784,1397,1387,4596,2282,2314,4077,2068,2009,828,403,425
2037,157,Fort Bend County,24,24 yrs,15930,8045,7885,3652,1909,1743,2744,1372,1372,4565,2249,2316,4143,2112,2031,826,403,423
2037,157,Fort Bend County,25,25 yrs,15994,8025,7969,3731,1948,1783,2733,1360,1373,4512,2207,2305,4208,2115,2093,810,395,415
2037,157,Fort Bend County,26,26 yrs,16350,8198,8152,3837,2004,1833,2718,1352,1366,4585,2227,2358,4406,2220,2186,804,395,409
2037,157,Fort Bend County,27,27 yrs,17701,8952,8749,4509,2507,2002,2772,1352,1420,4704,2241,2463,4915,2450,2465,801,402,399
2037,157,Fort Bend County,28,28 yrs,18715,9298,9417,4933,2624,2309,3104,1508,1596,4789,2249,2540,5073,2474,2599,816,443,373
2037,157,Fort Bend County,29,29 yrs,19314,9546,9768,4837,2538,2299,3160,1558,1602,4810,2320,2490,5734,2751,2983,773,379,394
2037,157,Fort Bend County,30,30 yrs,20217,9819,10398,5049,2632,2417,3335,1610,1725,5076,2367,2709,5933,2807,3126,824,403,421
2037,157,Fort Bend County,31,31 yrs,20937,10439,10498,5411,2943,2468,3328,1686,1642,5105,2446,2659,6313,2987,3326,780,377,403
2037,157,Fort Bend County,32,32 yrs,21532,10493,11039,5428,2893,2535,3396,1591,1805,5366,2547,2819,6489,3026,3463,853,436,417
2037,157,Fort Bend County,33,33 yrs,22778,11122,11656,5661,2874,2787,3612,1756,1856,5420,2581,2839,7153,3425,3728,932,486,446
2037,157,Fort Bend County,34,34 yrs,23284,11442,11842,5574,2796,2778,3688,1897,1791,5649,2617,3032,7551,3732,3819,822,400,422
2037,157,Fort Bend County,35,35 yrs,23345,11932,11413,5707,3032,2675,3632,1825,1807,5740,2688,3052,7408,3896,3512,858,491,367
2037,157,Fort Bend County,36,36 yrs,24498,12336,12162,5802,3049,2753,3923,1913,2010,5716,2689,3027,8124,4190,3934,933,495,438
2037,157,Fort Bend County,37,37 yrs,24329,12225,12104,6047,3294,2753,3940,1959,1981,5766,2735,3031,7661,3747,3914,915,490,425
2037,157,Fort Bend County,38,38 yrs,24189,11877,12312,5665,2976,2689,3929,1931,1998,5887,2717,3170,7800,3790,4010,908,463,445
2037,157,Fort Bend County,39,39 yrs,24684,12391,12293,5602,2932,2670,4046,1927,2119,5731,2751,2980,8412,4330,4082,893,451,442
2037,157,Fort Bend County,40,40 yrs,24603,12489,12114,5860,3113,2747,3945,1994,1951,5531,2644,2887,8479,4313,4166,788,425,363
2037,157,Fort Bend County,41,41 yrs,24647,12651,11996,5880,3113,2767,4006,1973,2033,5604,2687,2917,8364,4443,3921,793,435,358
2037,157,Fort Bend County,42,42 yrs,24546,12370,12176,5645,2948,2697,3941,1877,2064,5610,2748,2862,8525,4339,4186,825,458,367
2037,157,Fort Bend County,43,43 yrs,24690,12439,12251,5790,2973,2817,3935,1964,1971,5765,2733,3032,8419,4354,4065,781,415,366
2037,157,Fort Bend County,44,44 yrs,24907,13009,11898,5592,2995,2597,4114,2113,2001,5763,2796,2967,8637,4658,3979,801,447,354
2037,157,Fort Bend County,45,45 yrs,22558,11829,10729,4910,2606,2304,3714,1868,1846,5439,2742,2697,7807,4229,3578,688,384,304
2037,157,Fort Bend County,46,46 yrs,19953,10262,9691,3538,1846,1692,3213,1669,1544,5308,2678,2630,7366,3780,3586,528,289,239
2037,157,Fort Bend County,47,47 yrs,19186,9676,9510,3240,1691,1549,2884,1424,1460,5081,2516,2565,7515,3749,3766,466,296,170
2037,157,Fort Bend County,48,48 yrs,17898,9362,8536,3374,1754,1620,2601,1294,1307,4716,2422,2294,6809,3662,3147,398,230,168
2037,157,Fort Bend County,49,49 yrs,17340,8799,8541,3573,1793,1780,2332,1026,1306,4425,2366,2059,6624,3403,3221,386,211,175
2037,157,Fort Bend County,50,50 yrs,17153,8959,8194,3830,1908,1922,2255,1091,1164,4484,2331,2153,6127,3393,2734,457,236,221
2037,157,Fort Bend County,51,51 yrs,16840,8582,8258,3866,1989,1877,2184,1006,1178,4395,2323,2072,6021,3065,2956,374,199,175
2037,157,Fort Bend County,52,52 yrs,17258,8822,8436,4208,2081,2127,2141,977,1164,4259,2126,2133,6325,3452,2873,325,186,139
2037,157,Fort Bend County,53,53 yrs,15643,7664,7979,3784,1853,1931,2022,896,1126,3919,1947,1972,5531,2778,2753,387,190,197
2037,157,Fort Bend County,54,54 yrs,15901,7851,8050,4219,2085,2134,2063,943,1120,4176,2076,2100,5091,2570,2521,352,177,175
2037,157,Fort Bend County,55,55 yrs,15423,7733,7690,4188,2047,2141,2053,907,1146,3981,2067,1914,4813,2525,2288,388,187,201
2037,157,Fort Bend County,56,56 yrs,15185,7420,7765,4348,2140,2208,2139,934,1205,3967,1939,2028,4285,2193,2092,446,214,232
2037,157,Fort Bend County,57,57 yrs,15127,7242,7885,4391,2126,2265,2351,985,1366,3699,1855,1844,4297,2082,2215,389,194,195
2037,157,Fort Bend County,58,58 yrs,14193,6755,7438,4289,2091,2198,2149,861,1288,3506,1761,1745,3825,1841,1984,424,201,223
2037,157,Fort Bend County,59,59 yrs,14080,6757,7323,4277,2084,2193,2133,874,1259,3530,1789,1741,3708,1793,1915,432,217,215
2037,157,Fort Bend County,60,60 yrs,13883,6402,7481,4285,2079,2206,2231,912,1319,3436,1634,1802,3581,1635,1946,350,142,208
2037,157,Fort Bend County,61,61 yrs,13778,6456,7322,4136,2014,2122,2191,865,1326,3445,1666,1779,3591,1677,1914,415,234,181
2037,157,Fort Bend County,62,62 yrs,14550,6729,7821,4589,2182,2407,2308,923,1385,3494,1705,1789,3710,1666,2044,449,253,196
2037,157,Fort Bend County,63,63 yrs,14071,6523,7548,4378,2170,2208,2406,944,1462,3138,1475,1663,3713,1700,2013,436,234,202
2037,157,Fort Bend County,64,64 yrs,14586,6752,7834,4630,2229,2401,2505,985,1520,3253,1519,1734,3797,1821,1976,401,198,203
2037,157,Fort Bend County,65,65 yrs,14901,6756,8145,5076,2409,2667,2550,995,1555,3190,1459,1731,3690,1676,2014,395,217,178
2037,157,Fort Bend County,66,66 yrs,15194,7052,8142,5442,2641,2801,2630,1033,1597,3116,1465,1651,3595,1675,1920,411,238,173
2037,157,Fort Bend County,67,67 yrs,14679,6652,8027,5456,2584,2872,2395,902,1493,3066,1416,1650,3370,1537,1833,392,213,179
2037,157,Fort Bend County,68,68 yrs,13729,6258,7471,5021,2353,2668,2284,902,1382,2780,1298,1482,3240,1496,1744,404,209,195
2037,157,Fort Bend County,69,69 yrs,13040,5987,7053,4923,2451,2472,2211,864,1347,2685,1201,1484,2908,1342,1566,313,129,184
2037,157,Fort Bend County,70,70 yrs,12928,6023,6905,4963,2427,2536,2122,838,1284,2538,1167,1371,2979,1429,1550,326,162,164
2037,157,Fort Bend County,71,71 yrs,12854,5918,6936,4811,2297,2514,2111,836,1275,2607,1178,1429,2994,1444,1550,331,163,168
2037,157,Fort Bend County,72,72 yrs,12716,5847,6869,5109,2478,2631,2100,790,1310,2462,1112,1350,2673,1293,1380,372,174,198
2037,157,Fort Bend County,73,73 yrs,12619,5551,7068,5009,2256,2753,2080,743,1337,2351,1011,1340,2831,1373,1458,348,168,180
2037,157,Fort Bend County,74,74 yrs,12636,5753,6883,5251,2551,2700,2002,754,1248,2221,956,1265,2814,1319,1495,348,173,175
2037,157,Fort Bend County,75,75 yrs,11890,5322,6568,5253,2449,2804,1865,696,1169,2043,900,1143,2366,1119,1247,363,158,205
2037,157,Fort Bend County,76,76 yrs,12004,5201,6803,5292,2396,2896,1932,736,1196,1897,800,1097,2549,1135,1414,334,134,200
2037,157,Fort Bend County,77,77 yrs,12218,5529,6689,5653,2701,2952,1907,739,1168,1824,817,1007,2529,1124,1405,305,148,157
2037,157,Fort Bend County,78,78 yrs,11801,5210,6591,5714,2639,3075,1786,650,1136,1676,731,945,2348,1058,1290,277,132,145
2037,157,Fort Bend County,79,79 yrs,11371,5102,6269,5529,2660,2869,1754,626,1128,1575,655,920,2254,1029,1225,259,132,127
2037,157,Fort Bend County,80,80 yrs,10758,4824,5934,5307,2552,2755,1623,584,1039,1418,597,821,2144,982,1162,266,109,157
2037,157,Fort Bend County,81,81 yrs,10014,4550,5464,4668,2249,2419,1505,556,949,1353,585,768,2203,1026,1177,285,134,151
2037,157,Fort Bend County,82,82 yrs,9127,3967,5160,4249,1952,2297,1457,520,937,1206,468,738,1977,928,1049,238,99,139
2037,157,Fort Bend County,83,83 yrs,7986,3518,4468,3707,1740,1967,1221,398,823,1089,410,679,1787,888,899,182,82,100
2037,157,Fort Bend County,84,84 yrs,7518,3263,4255,3409,1546,1863,1115,370,745,977,383,594,1829,890,939,188,74,114
2037,157,Fort Bend County,85,85 yrs,6647,2811,3836,3078,1445,1633,1005,286,719,902,347,555,1481,671,810,181,62,119
2037,157,Fort Bend County,86,86 yrs,5698,2416,3282,2540,1139,1401,806,272,534,747,284,463,1471,672,799,134,49,85
2037,157,Fort Bend County,87,87 yrs,5148,2196,2952,2264,1014,1250,724,242,482,716,267,449,1327,635,692,117,38,79
2037,157,Fort Bend County,88,88 yrs,4228,1774,2454,1879,831,1048,619,190,429,583,214,369,1055,500,555,92,39,53
2037,157,Fort Bend County,89,89 yrs,3693,1514,2179,1725,750,975,481,153,328,539,172,367,875,409,466,73,30,43
2037,157,Fort Bend County,90,90 yrs,3136,1284,1852,1523,655,868,373,106,267,448,150,298,729,349,380,63,24,39
2037,157,Fort Bend County,91,91 yrs,2095,842,1253,891,370,521,241,75,166,357,116,241,580,271,309,26,10,16
2037,157,Fort Bend County,92,92 yrs,1735,670,1065,769,304,465,196,55,141,266,86,180,477,216,261,27,9,18
2037,157,Fort Bend County,93,93 yrs,1361,520,841,617,249,368,159,38,121,214,61,153,356,167,189,15,5,10
2037,157,Fort Bend County,94,94 yrs,1021,398,623,460,177,283,104,27,77,168,48,120,279,143,136,10,3,7
2037,157,Fort Bend County,95,95+ yrs,2533,895,1638,949,323,626,242,56,186,507,139,368,816,373,443,19,4,15
2038,157,Fort Bend County,-1,All Ages,1569569,774176,795393,413793,207676,206117,242892,112830,130062,395183,192969,202214,452928,228081,224847,64773,32620,32153
2038,157,Fort Bend County,0,< 1 yr,19414,9894,9520,3939,2009,1930,2851,1453,1398,6333,3230,3103,4773,2430,2343,1518,772,746
2038,157,Fort Bend County,1,1 yr,19698,10058,9640,4005,2043,1962,2859,1456,1403,6369,3247,3122,4967,2550,2417,1498,762,736
2038,157,Fort Bend County,2,2 yrs,20073,10246,9827,4087,2087,2000,2896,1471,1425,6431,3278,3153,5172,2659,2513,1487,751,736
2038,157,Fort Bend County,3,3 yrs,20446,10462,9984,4160,2125,2035,2935,1491,1444,6493,3310,3183,5383,2790,2593,1475,746,729
2038,157,Fort Bend County,4,4 yrs,20826,10655,10171,4224,2160,2064,2980,1510,1470,6557,3343,3214,5602,2907,2695,1463,735,728
2038,157,Fort Bend County,5,5 yrs,21206,10873,10333,4284,2192,2092,3029,1534,1495,6621,3374,3247,5824,3045,2779,1448,728,720
2038,157,Fort Bend County,6,6 yrs,21378,10951,10427,4337,2221,2116,3079,1555,1524,6641,3391,3250,5892,3071,2821,1429,713,716
2038,157,Fort Bend County,7,7 yrs,21529,11049,10480,4378,2243,2135,3131,1582,1549,6654,3402,3252,5959,3119,2840,1407,703,704
2038,157,Fort Bend County,8,8 yrs,21651,11098,10553,4407,2261,2146,3181,1603,1578,6663,3412,3251,6014,3135,2879,1386,687,699
2038,157,Fort Bend County,9,9 yrs,21740,11161,10579,4419,2267,2152,3225,1625,1600,6668,3419,3249,6067,3177,2890,1361,673,688
2038,157,Fort Bend County,10,10 yrs,21767,11159,10608,4414,2265,2149,3263,1638,1625,6659,3420,3239,6101,3182,2919,1330,654,676
2038,157,Fort Bend County,11,11 yrs,21653,11121,10532,4444,2285,2159,3301,1658,1643,6596,3384,3212,6006,3150,2856,1306,644,662
2038,157,Fort Bend County,12,12 yrs,21463,11009,10454,4456,2297,2159,3327,1667,1660,6517,3340,3177,5889,3080,2809,1274,625,649
2038,157,Fort Bend County,13,13 yrs,21254,10916,10338,4462,2301,2161,3349,1680,1669,6437,3293,3144,5764,3029,2735,1242,613,629
2038,157,Fort Bend County,14,14 yrs,20978,10761,10217,4451,2301,2150,3354,1681,1673,6348,3245,3103,5620,2946,2674,1205,588,617
2038,157,Fort Bend County,15,15 yrs,20631,10584,10047,4407,2276,2131,3349,1672,1677,6248,3188,3060,5462,2877,2585,1165,571,594
2038,157,Fort Bend County,16,16 yrs,20244,10370,9874,4421,2292,2129,3344,1670,1674,6041,3080,2961,5320,2783,2537,1118,545,573
2038,157,Fort Bend County,17,17 yrs,19679,10101,9578,4393,2287,2106,3291,1646,1645,5820,2965,2855,5114,2682,2432,1061,521,540
2038,157,Fort Bend County,18,18 yrs,18338,9445,8893,4024,2133,1891,3097,1567,1530,5476,2796,2680,4734,2461,2273,1007,488,519
2038,157,Fort Bend County,19,19 yrs,16748,8635,8113,3530,1866,1664,2906,1480,1426,5046,2583,2463,4307,2242,2065,959,464,495
2038,157,Fort Bend County,20,20 yrs,16444,8472,7972,3550,1892,1658,2911,1484,1427,4911,2506,2405,4142,2145,1997,930,445,485
2038,157,Fort Bend County,21,21 yrs,16313,8370,7943,3493,1853,1640,2900,1470,1430,4847,2454,2393,4163,2151,2012,910,442,468
2038,157,Fort Bend County,22,22 yrs,16328,8289,8039,3515,1850,1665,2897,1455,1442,4791,2399,2392,4229,2151,2078,896,434,462
2038,157,Fort Bend County,23,23 yrs,16525,8367,8158,3669,1918,1751,2888,1449,1439,4749,2356,2393,4336,2213,2123,883,431,452
2038,157,Fort Bend County,24,24 yrs,16553,8340,8213,3731,1948,1783,2854,1426,1428,4726,2329,2397,4376,2217,2159,866,420,446
2038,157,Fort Bend County,25,25 yrs,16592,8342,8250,3793,1984,1809,2828,1409,1419,4669,2282,2387,4441,2245,2196,861,422,439
2038,157,Fort Bend County,26,26 yrs,16902,8457,8445,3882,2025,1857,2798,1391,1407,4743,2306,2437,4631,2321,2310,848,414,434
2038,157,Fort Bend County,27,27 yrs,17201,8580,8621,3940,2064,1876,2780,1379,1401,4809,2320,2489,4833,2403,2430,839,414,425
2038,157,Fort Bend County,28,28 yrs,18679,9420,9259,4677,2609,2068,2830,1383,1447,4936,2338,2598,5401,2669,2732,835,421,414
2038,157,Fort Bend County,29,29 yrs,19618,9679,9939,5027,2665,2362,3172,1537,1635,5013,2337,2676,5556,2677,2879,850,463,387
2038,157,Fort Bend County,30,30 yrs,20229,9923,10306,4955,2596,2359,3216,1580,1636,5034,2411,2623,6219,2940,3279,805,396,409
2038,157,Fort Bend County,31,31 yrs,21341,10402,10939,5204,2714,2490,3409,1640,1769,5314,2479,2835,6553,3146,3407,861,423,438
2038,157,Fort Bend County,32,32 yrs,21996,10982,11014,5549,3022,2527,3392,1719,1673,5336,2556,2780,6908,3290,3618,811,395,416
2038,157,Fort Bend County,33,33 yrs,22620,11046,11574,5561,2967,2594,3464,1620,1844,5601,2655,2946,7104,3348,3756,890,456,434
2038,157,Fort Bend County,34,34 yrs,23901,11698,12203,5795,2941,2854,3678,1788,1890,5653,2692,2961,7805,3767,4038,970,510,460
2038,157,Fort Bend County,35,35 yrs,24442,12034,12408,5703,2864,2839,3752,1924,1828,5896,2730,3166,8238,4100,4138,853,416,437
2038,157,Fort Bend County,36,36 yrs,24174,12395,11779,5838,3104,2734,3691,1854,1837,5914,2773,3141,7831,4145,3686,900,519,381
2038,157,Fort Bend County,37,37 yrs,25363,12807,12556,5929,3117,2812,3984,1941,2043,5892,2775,3117,8588,4458,4130,970,516,454
2038,157,Fort Bend County,38,38 yrs,25164,12672,12492,6178,3368,2810,3997,1985,2012,5940,2820,3120,8095,3985,4110,954,514,440
2038,157,Fort Bend County,39,39 yrs,25020,12317,12703,5787,3042,2745,3984,1957,2027,6065,2804,3261,8239,4029,4210,945,485,460
2038,157,Fort Bend County,40,40 yrs,25569,12876,12693,5735,3006,2729,4113,1958,2155,5906,2837,3069,8886,4602,4284,929,473,456
2038,157,Fort Bend County,41,41 yrs,25156,12804,12352,5993,3186,2807,3996,2017,1979,5615,2692,2923,8734,4466,4268,818,443,375
2038,157,Fort Bend County,42,42 yrs,25187,12963,12224,6008,3183,2825,4049,1991,2058,5690,2736,2954,8616,4599,4017,824,454,370
2038,157,Fort Bend County,43,43 yrs,25084,12677,12407,5768,3013,2755,3985,1896,2089,5693,2796,2897,8781,4494,4287,857,478,379
2038,157,Fort Bend County,44,44 yrs,25213,12734,12479,5910,3036,2874,3978,1982,1996,5853,2782,3071,8664,4503,4161,808,431,377
2038,157,Fort Bend County,45,45 yrs,25471,13349,12122,5721,3071,2650,4169,2141,2028,5852,2847,3005,8898,4824,4074,831,466,365
2038,157,Fort Bend County,46,46 yrs,22920,12016,10904,5004,2654,2350,3746,1879,1867,5500,2775,2725,7955,4308,3647,715,400,315
2038,157,Fort Bend County,47,47 yrs,20287,10438,9849,3614,1888,1726,3250,1688,1562,5369,2711,2658,7508,3851,3657,546,300,246
2038,157,Fort Bend County,48,48 yrs,19491,9830,9661,3303,1723,1580,2908,1433,1475,5138,2547,2591,7657,3818,3839,485,309,176
2038,157,Fort Bend County,49,49 yrs,18169,9502,8667,3437,1785,1652,2623,1303,1320,4765,2449,2316,6933,3727,3206,411,238,173
2038,157,Fort Bend County,50,50 yrs,17618,8942,8676,3645,1830,1815,2351,1031,1320,4474,2396,2078,6746,3464,3282,402,221,181
2038,157,Fort Bend County,51,51 yrs,17371,9061,8310,3902,1945,1957,2267,1092,1175,4505,2339,2166,6225,3439,2786,472,246,226
2038,157,Fort Bend County,52,52 yrs,17046,8671,8375,3936,2025,1911,2198,1009,1189,4410,2327,2083,6117,3104,3013,385,206,179
2038,157,Fort Bend County,53,53 yrs,17465,8915,8550,4281,2118,2163,2150,977,1173,4273,2128,2145,6426,3499,2927,335,193,142
2038,157,Fort Bend County,54,54 yrs,15824,7741,8083,3845,1882,1963,2031,897,1134,3929,1948,1981,5618,2815,2803,401,199,202
2038,157,Fort Bend County,55,55 yrs,16132,7946,8186,4320,2130,2190,2076,944,1132,4195,2081,2114,5174,2605,2569,367,186,181
2038,157,Fort Bend County,56,56 yrs,15625,7821,7804,4261,2082,2179,2055,903,1152,4010,2081,1929,4899,2561,2338,400,194,206
2038,157,Fort Bend County,57,57 yrs,15379,7501,7878,4419,2173,2246,2143,931,1212,3996,1953,2043,4361,2222,2139,460,222,238
2038,157,Fort Bend County,58,58 yrs,15317,7319,7998,4464,2161,2303,2352,979,1373,3725,1868,1857,4375,2110,2265,401,201,200
2038,157,Fort Bend County,59,59 yrs,14358,6820,7538,4354,2120,2234,2150,858,1292,3527,1771,1756,3891,1864,2027,436,207,229
2038,157,Fort Bend County,60,60 yrs,14252,6831,7421,4348,2119,2229,2132,869,1263,3551,1799,1752,3774,1817,1957,447,227,220
2038,157,Fort Bend County,61,61 yrs,14079,6473,7606,4350,2108,2242,2227,903,1324,3469,1636,1833,3673,1680,1993,360,146,214
2038,157,Fort Bend County,62,62 yrs,13967,6528,7439,4197,2041,2156,2186,857,1329,3475,1666,1809,3682,1723,1959,427,241,186
2038,157,Fort Bend County,63,63 yrs,14740,6798,7942,4653,2209,2444,2298,912,1386,3526,1707,1819,3802,1711,2091,461,259,202
2038,157,Fort Bend County,64,64 yrs,14245,6587,7658,4433,2193,2240,2394,933,1461,3163,1474,1689,3806,1746,2060,449,241,208
2038,157,Fort Bend County,65,65 yrs,14755,6814,7941,4685,2252,2433,2490,971,1519,3274,1515,1759,3894,1872,2022,412,204,208
2038,157,Fort Bend County,66,66 yrs,15079,6825,8254,5141,2437,2704,2550,989,1561,3224,1469,1755,3752,1705,2047,412,225,187
2038,157,Fort Bend County,67,67 yrs,15345,7109,8236,5504,2668,2836,2625,1026,1599,3145,1472,1673,3645,1698,1947,426,245,181
2038,157,Fort Bend County,68,68 yrs,14804,6693,8111,5512,2607,2905,2389,893,1496,3091,1421,1670,3405,1552,1853,407,220,187
2038,157,Fort Bend County,69,69 yrs,13824,6282,7542,5068,2370,2698,2273,891,1382,2797,1299,1498,3268,1507,1761,418,215,203
2038,157,Fort Bend County,70,70 yrs,13118,6005,7113,4961,2465,2496,2200,855,1345,2702,1202,1500,2931,1350,1581,324,133,191
2038,157,Fort Bend County,71,71 yrs,13010,6044,6966,4993,2435,2558,2107,825,1282,2542,1163,1379,3030,1454,1576,338,167,171
2038,157,Fort Bend County,72,72 yrs,12905,5917,6988,4833,2301,2532,2091,820,1271,2609,1172,1437,3031,1458,1573,341,166,175
2038,157,Fort Bend County,73,73 yrs,12742,5835,6907,5126,2479,2647,2074,773,1301,2459,1104,1355,2700,1302,1398,383,177,206
2038,157,Fort Bend County,74,74 yrs,12625,5523,7102,5015,2249,2766,2054,726,1328,2345,1001,1344,2855,1377,1478,356,170,186
2038,157,Fort Bend County,75,75 yrs,12606,5710,6896,5245,2538,2707,1969,733,1236,2208,944,1264,2829,1320,1509,355,175,180
2038,157,Fort Bend County,76,76 yrs,11908,5312,6596,5269,2451,2818,1843,680,1163,2013,884,1129,2412,1137,1275,371,160,211
2038,157,Fort Bend County,77,77 yrs,11982,5168,6814,5293,2389,2904,1901,715,1186,1863,783,1080,2584,1145,1439,341,136,205
2038,157,Fort Bend County,78,78 yrs,12152,5472,6680,5635,2682,2953,1874,717,1157,1785,795,990,2549,1129,1420,309,149,160
2038,157,Fort Bend County,79,79 yrs,11701,5137,6564,5676,2612,3064,1747,629,1118,1634,709,925,2364,1054,1310,280,133,147
2038,157,Fort Bend County,80,80 yrs,11222,5007,6215,5467,2618,2849,1709,601,1108,1525,630,895,2262,1027,1235,259,131,128
2038,157,Fort Bend County,81,81 yrs,10535,4696,5839,5161,2465,2696,1556,551,1005,1405,581,824,2148,992,1156,265,107,158
2038,157,Fort Bend County,82,82 yrs,9746,4398,5348,4510,2157,2353,1435,520,915,1333,566,767,2187,1024,1163,281,131,150
2038,157,Fort Bend County,83,83 yrs,8842,3813,5029,4083,1860,2223,1385,485,900,1182,449,733,1959,923,1036,233,96,137
2038,157,Fort Bend County,84,84 yrs,7702,3364,4338,3540,1646,1894,1157,369,788,1062,390,672,1765,880,885,178,79,99
2038,157,Fort Bend County,85,85 yrs,7199,3096,4103,3233,1451,1782,1047,339,708,945,363,582,1793,873,920,181,70,111
2038,157,Fort Bend County,86,86 yrs,6270,2624,3646,2891,1343,1548,929,259,670,865,325,540,1419,641,778,166,56,110
2038,157,Fort Bend County,87,87 yrs,5332,2233,3099,2363,1046,1317,737,243,494,709,263,446,1402,638,764,121,43,78
2038,157,Fort Bend County,88,88 yrs,4763,2008,2755,2081,919,1162,659,216,443,673,246,427,1244,593,651,106,34,72
2038,157,Fort Bend County,89,89 yrs,3868,1599,2269,1704,743,961,556,166,390,542,194,348,986,463,523,80,33,47
2038,157,Fort Bend County,90,90 yrs,3336,1345,1991,1544,659,885,428,132,296,495,154,341,806,374,432,63,26,37
2038,157,Fort Bend County,91,91 yrs,2795,1124,1671,1339,565,774,328,89,239,405,133,272,671,319,352,52,18,34
2038,157,Fort Bend County,92,92 yrs,1835,724,1111,770,313,457,206,62,144,317,100,217,522,242,280,20,7,13
2038,157,Fort Bend County,93,93 yrs,1498,565,933,650,250,400,170,47,123,233,73,160,424,188,236,21,7,14
2038,157,Fort Bend County,94,94 yrs,1140,426,714,508,198,310,131,30,101,184,51,133,307,144,163,10,3,7
2038,157,Fort Bend County,95,95+ yrs,2844,1025,1819,1074,373,701,273,65,208,551,150,401,925,433,492,21,4,17
2039,157,Fort Bend County,-1,All Ages,1619903,799350,820553,421501,211624,209877,247245,114885,132360,407933,199049,208884,474981,239389,235592,68243,34403,33840
2039,157,Fort Bend County,0,< 1 yr,19825,10116,9709,3948,2013,1935,2881,1470,1411,6485,3307,3178,4940,2524,2416,1571,802,769
2039,157,Fort Bend County,1,1 yr,20111,10257,9854,4015,2049,1966,2885,1467,1418,6518,3323,3195,5141,2631,2510,1552,787,765
2039,157,Fort Bend County,2,2 yrs,20500,10481,10019,4101,2094,2007,2917,1484,1433,6581,3355,3226,5361,2766,2595,1540,782,758
2039,157,Fort Bend County,3,3 yrs,20889,10675,10214,4184,2138,2046,2954,1499,1455,6644,3386,3258,5579,2882,2697,1528,770,758
2039,157,Fort Bend County,4,4 yrs,21281,10903,10378,4258,2177,2081,2994,1519,1475,6707,3419,3288,5806,3023,2783,1516,765,751
2039,157,Fort Bend County,5,5 yrs,21681,11106,10575,4323,2212,2111,3041,1539,1502,6774,3453,3321,6040,3149,2891,1503,753,750
2039,157,Fort Bend County,6,6 yrs,21865,11216,10649,4385,2245,2140,3087,1561,1526,6794,3468,3326,6114,3198,2916,1485,744,741
2039,157,Fort Bend County,7,7 yrs,22042,11296,10746,4438,2274,2164,3139,1583,1556,6814,3485,3329,6186,3226,2960,1465,728,737
2039,157,Fort Bend County,8,8 yrs,22203,11400,10803,4482,2298,2184,3193,1610,1583,6828,3497,3331,6256,3276,2980,1444,719,725
2039,157,Fort Bend County,9,9 yrs,22326,11449,10877,4509,2315,2194,3244,1632,1612,6838,3507,3331,6314,3293,3021,1421,702,719
2039,157,Fort Bend County,10,10 yrs,22417,11514,10903,4522,2322,2200,3288,1654,1634,6842,3514,3328,6369,3336,3033,1396,688,708
2039,157,Fort Bend County,11,11 yrs,22320,11444,10876,4568,2348,2220,3337,1674,1663,6774,3474,3300,6270,3274,2996,1371,674,697
2039,157,Fort Bend County,12,12 yrs,22198,11403,10795,4598,2368,2230,3376,1695,1681,6709,3438,3271,6171,3240,2931,1344,662,682
2039,157,Fort Bend County,13,13 yrs,22003,11288,10715,4609,2380,2229,3401,1703,1698,6629,3393,3236,6051,3168,2883,1313,644,669
2039,157,Fort Bend County,14,14 yrs,21782,11188,10594,4615,2384,2231,3423,1716,1707,6546,3344,3202,5920,3114,2806,1278,630,648
2039,157,Fort Bend County,15,15 yrs,21451,10985,10466,4581,2364,2217,3420,1707,1713,6450,3290,3160,5764,3023,2741,1236,601,635
2039,157,Fort Bend County,16,16 yrs,21083,10825,10258,4600,2387,2213,3422,1711,1711,6247,3187,3060,5619,2954,2665,1195,586,609
2039,157,Fort Bend County,17,17 yrs,20506,10503,10003,4557,2368,2189,3376,1686,1690,6019,3068,2951,5425,2831,2594,1129,550,579
2039,157,Fort Bend County,18,18 yrs,19139,9876,9263,4177,2217,1960,3188,1614,1574,5672,2893,2779,5028,2629,2399,1074,523,551
2039,157,Fort Bend County,19,19 yrs,17494,9007,8487,3648,1926,1722,2999,1526,1473,5230,2676,2554,4597,2386,2211,1020,493,527
2039,157,Fort Bend County,20,20 yrs,17181,8866,8315,3665,1955,1710,3011,1537,1474,5087,2598,2489,4422,2299,2123,996,477,519
2039,157,Fort Bend County,21,21 yrs,17021,8715,8306,3580,1899,1681,3003,1519,1484,5018,2538,2480,4450,2291,2159,970,468,502
2039,157,Fort Bend County,22,22 yrs,17020,8659,8361,3598,1893,1705,3001,1510,1491,4962,2483,2479,4507,2305,2202,952,468,484
2039,157,Fort Bend County,23,23 yrs,17211,8694,8517,3749,1958,1791,2992,1498,1494,4911,2438,2473,4623,2347,2276,936,453,483
2039,157,Fort Bend County,24,24 yrs,17227,8694,8533,3810,1992,1818,2959,1479,1480,4882,2403,2479,4653,2371,2282,923,449,474
2039,157,Fort Bend County,25,25 yrs,17239,8648,8591,3875,2025,1850,2940,1464,1476,4832,2362,2470,4690,2357,2333,902,440,462
2039,157,Fort Bend County,26,26 yrs,17535,8790,8745,3946,2062,1884,2896,1441,1455,4907,2384,2523,4885,2461,2424,901,442,459
2039,157,Fort Bend County,27,27 yrs,17786,8853,8933,3986,2085,1901,2863,1420,1443,4973,2402,2571,5079,2512,2567,885,434,451
2039,157,Fort Bend County,28,28 yrs,18164,9035,9129,4090,2150,1940,2836,1409,1427,5045,2420,2625,5318,2622,2696,875,434,441
2039,157,Fort Bend County,29,29 yrs,19604,9814,9790,4764,2649,2115,2892,1410,1482,5165,2429,2736,5914,2887,3027,869,439,430
2039,157,Fort Bend County,30,30 yrs,20544,10059,10485,5152,2729,2423,3230,1559,1671,5248,2429,2819,6027,2858,3169,887,484,403
2039,157,Fort Bend County,31,31 yrs,21366,10521,10845,5107,2677,2430,3285,1608,1677,5271,2526,2745,6861,3293,3568,842,417,425
2039,157,Fort Bend County,32,32 yrs,22426,10953,11473,5335,2787,2548,3475,1672,1803,5554,2590,2964,7168,3462,3706,894,442,452
2039,157,Fort Bend County,33,33 yrs,23123,11567,11556,5685,3099,2586,3460,1751,1709,5568,2664,2904,7564,3640,3924,846,413,433
2039,157,Fort Bend County,34,34 yrs,23734,11611,12123,5691,3035,2656,3529,1650,1879,5841,2769,3072,7748,3679,4069,925,478,447
2039,157,Fort Bend County,35,35 yrs,25087,12301,12786,5929,3013,2916,3740,1812,1928,5901,2809,3092,8511,4137,4374,1006,530,476
2039,157,Fort Bend County,36,36 yrs,25316,12504,12812,5833,2932,2901,3814,1955,1859,6073,2816,3257,8704,4362,4342,892,439,453
2039,157,Fort Bend County,37,37 yrs,25025,12865,12160,5969,3175,2794,3748,1881,1867,6096,2861,3235,8277,4408,3869,935,540,395
2039,157,Fort Bend County,38,38 yrs,26254,13294,12960,6058,3188,2870,4042,1966,2076,6068,2860,3208,9077,4740,4337,1009,540,469
2039,157,Fort Bend County,39,39 yrs,26027,13140,12887,6311,3443,2868,4052,2011,2041,6118,2910,3208,8552,4237,4315,994,539,455
2039,157,Fort Bend County,40,40 yrs,25902,12788,13114,5923,3118,2805,4048,1988,2060,6247,2890,3357,8701,4284,4417,983,508,475
2039,157,Fort Bend County,41,41 yrs,26142,13200,12942,5863,3075,2788,4167,1980,2187,5995,2888,3107,9153,4765,4388,964,492,472
2039,157,Fort Bend County,42,42 yrs,25705,13117,12588,6124,3258,2866,4038,2035,2003,5699,2740,2959,8994,4622,4372,850,462,388
2039,157,Fort Bend County,43,43 yrs,25736,13282,12454,6137,3252,2885,4095,2013,2082,5773,2782,2991,8876,4762,4114,855,473,382
2039,157,Fort Bend County,44,44 yrs,25625,12983,12642,5888,3077,2811,4029,1913,2116,5781,2847,2934,9041,4650,4391,886,496,390
2039,157,Fort Bend County,45,45 yrs,25782,13070,12712,6048,3115,2933,4031,2009,2022,5942,2833,3109,8924,4664,4260,837,449,388
2039,157,Fort Bend County,46,46 yrs,25878,13559,12319,5830,3128,2702,4204,2153,2051,5917,2881,3036,9066,4913,4153,861,484,377
2039,157,Fort Bend County,47,47 yrs,23306,12223,11083,5108,2711,2397,3789,1899,1890,5561,2807,2754,8109,4391,3718,739,415,324
2039,157,Fort Bend County,48,48 yrs,20609,10603,10006,3684,1924,1760,3277,1699,1578,5429,2744,2685,7651,3923,3728,568,313,255
2039,157,Fort Bend County,49,49 yrs,19791,9979,9812,3366,1755,1611,2932,1443,1489,5192,2574,2618,7800,3887,3913,501,320,181
2039,157,Fort Bend County,50,50 yrs,18461,9657,8804,3507,1822,1685,2645,1311,1334,4819,2480,2339,7062,3795,3267,428,249,179
2039,157,Fort Bend County,51,51 yrs,17840,9043,8797,3714,1866,1848,2363,1031,1332,4494,2404,2090,6854,3512,3342,415,230,185
2039,157,Fort Bend County,52,52 yrs,17582,9156,8426,3973,1980,1993,2279,1095,1184,4520,2342,2178,6323,3484,2839,487,255,232
2039,157,Fort Bend County,53,53 yrs,17251,8758,8493,4007,2062,1945,2209,1010,1199,4422,2328,2094,6216,3145,3071,397,213,184
2039,157,Fort Bend County,54,54 yrs,17673,9008,8665,4351,2151,2200,2160,979,1181,4285,2129,2156,6529,3547,2982,348,202,146
2039,157,Fort Bend County,55,55 yrs,16056,7834,8222,3936,1920,2016,2044,898,1146,3948,1953,1995,5711,2855,2856,417,208,209
2039,157,Fort Bend County,56,56 yrs,16350,8038,8312,4396,2166,2230,2079,941,1138,4227,2096,2131,5269,2642,2627,379,193,186
2039,157,Fort Bend County,57,57 yrs,15830,7909,7921,4332,2115,2217,2059,901,1158,4039,2095,1944,4988,2597,2391,412,201,211
2039,157,Fort Bend County,58,58 yrs,15572,7582,7990,4493,2208,2285,2143,925,1218,4024,1967,2057,4438,2252,2186,474,230,244
2039,157,Fort Bend County,59,59 yrs,15496,7387,8109,4534,2191,2343,2353,975,1378,3748,1879,1869,4450,2136,2314,411,206,205
2039,157,Fort Bend County,60,60 yrs,14537,6896,7641,4426,2155,2271,2151,854,1297,3549,1782,1767,3960,1889,2071,451,216,235
2039,157,Fort Bend County,61,61 yrs,14460,6912,7548,4414,2148,2266,2130,862,1268,3584,1801,1783,3872,1868,2004,460,233,227
2039,157,Fort Bend County,62,62 yrs,14272,6544,7728,4413,2136,2277,2223,895,1328,3500,1636,1864,3765,1726,2039,371,151,220
2039,157,Fort Bend County,63,63 yrs,14149,6596,7553,4256,2067,2189,2178,847,1331,3506,1667,1839,3772,1768,2004,437,247,190
2039,157,Fort Bend County,64,64 yrs,14922,6864,8058,4713,2234,2479,2286,902,1384,3552,1705,1847,3897,1757,2140,474,266,208
2039,157,Fort Bend County,65,65 yrs,14415,6650,7765,4486,2216,2270,2379,920,1459,3184,1470,1714,3903,1795,2108,463,249,214
2039,157,Fort Bend County,66,66 yrs,14930,6884,8046,4746,2279,2467,2489,965,1524,3308,1525,1783,3958,1903,2055,429,212,217
2039,157,Fort Bend County,67,67 yrs,15232,6881,8351,5202,2463,2739,2545,981,1564,3254,1476,1778,3804,1729,2075,427,232,195
2039,157,Fort Bend County,68,68 yrs,15475,7155,8320,5561,2692,2869,2618,1017,1601,3171,1477,1694,3684,1716,1968,441,253,188
2039,157,Fort Bend County,69,69 yrs,14913,6722,8191,5564,2627,2937,2380,883,1497,3112,1423,1689,3436,1563,1873,421,226,195
2039,157,Fort Bend County,70,70 yrs,13911,6303,7608,5109,2384,2725,2261,881,1380,2814,1300,1514,3295,1517,1778,432,221,211
2039,157,Fort Bend County,71,71 yrs,13196,6022,7174,4992,2474,2518,2184,842,1342,2706,1197,1509,2979,1373,1606,335,136,199
2039,157,Fort Bend County,72,72 yrs,13064,6047,7017,5015,2439,2576,2087,810,1277,2545,1158,1387,3070,1470,1600,347,170,177
2039,157,Fort Bend County,73,73 yrs,12929,5903,7026,4849,2302,2547,2064,802,1262,2604,1162,1442,3061,1467,1594,351,170,181
2039,157,Fort Bend County,74,74 yrs,12746,5806,6940,5131,2472,2659,2049,756,1293,2451,1092,1359,2722,1306,1416,393,180,213
2039,157,Fort Bend County,75,75 yrs,12599,5483,7116,5011,2238,2773,2023,707,1316,2331,988,1343,2871,1378,1493,363,172,191
2039,157,Fort Bend County,76,76 yrs,12628,5702,6926,5262,2540,2722,1945,716,1229,2175,927,1248,2883,1341,1542,363,178,185
2039,157,Fort Bend County,77,77 yrs,11884,5280,6604,5271,2445,2826,1813,660,1153,1976,865,1111,2446,1148,1298,378,162,216
2039,157,Fort Bend County,78,78 yrs,11921,5115,6806,5278,2373,2905,1869,694,1175,1824,762,1062,2604,1150,1454,346,136,210
2039,157,Fort Bend County,79,79 yrs,12048,5394,6654,5598,2655,2943,1832,694,1138,1740,770,970,2566,1125,1441,312,150,162
2039,157,Fort Bend County,80,80 yrs,11554,5042,6512,5615,2571,3044,1702,604,1098,1582,682,900,2374,1053,1321,281,132,149
2039,157,Fort Bend County,81,81 yrs,10993,4877,6116,5317,2530,2787,1640,567,1073,1511,614,897,2267,1037,1230,258,129,129
2039,157,Fort Bend County,82,82 yrs,10252,4538,5714,4987,2364,2623,1485,516,969,1385,563,822,2133,991,1142,262,104,158
2039,157,Fort Bend County,83,83 yrs,9448,4232,5216,4334,2056,2278,1364,486,878,1305,544,761,2169,1019,1150,276,127,149
2039,157,Fort Bend County,84,84 yrs,8524,3644,4880,3900,1761,2139,1309,448,861,1152,427,725,1936,916,1020,227,92,135
2039,157,Fort Bend County,85,85 yrs,7377,3193,4184,3358,1546,1812,1088,339,749,1029,370,659,1730,863,867,172,75,97
2039,157,Fort Bend County,86,86 yrs,6802,2896,3906,3040,1349,1691,968,308,660,906,340,566,1721,836,885,167,63,104
2039,157,Fort Bend County,87,87 yrs,5866,2425,3441,2690,1234,1456,852,231,621,821,302,519,1353,609,744,150,49,101
2039,157,Fort Bend County,88,88 yrs,4934,2041,2893,2172,948,1224,671,217,454,667,242,425,1315,596,719,109,38,71
2039,157,Fort Bend County,89,89 yrs,4363,1812,2551,1889,822,1067,593,190,403,626,223,403,1162,549,613,93,28,65
2039,157,Fort Bend County,90,90 yrs,3499,1424,2075,1528,655,873,495,143,352,496,173,323,911,425,486,69,28,41
2039,157,Fort Bend County,91,91 yrs,2978,1179,1799,1359,569,790,376,111,265,446,136,310,744,343,401,53,20,33
2039,157,Fort Bend County,92,92 yrs,2448,966,1482,1158,479,679,282,74,208,360,115,245,604,284,320,44,14,30
2039,157,Fort Bend County,93,93 yrs,1589,612,977,651,257,394,180,53,127,277,85,192,465,211,254,16,6,10
2039,157,Fort Bend County,94,94 yrs,1258,464,794,535,199,336,139,36,103,201,61,140,367,163,204,16,5,11
2039,157,Fort Bend County,95,95+ yrs,3194,1155,2039,1206,426,780,318,74,244,600,162,438,1046,488,558,24,5,19
2040,157,Fort Bend County,-1,All Ages,1671350,825104,846246,429115,215541,213574,251550,116920,134630,420930,205251,215679,497876,251117,246759,71879,36275,35604
2040,157,Fort Bend County,0,< 1 yr,20254,10322,9932,3953,2016,1937,2915,1485,1430,6641,3387,3254,5118,2606,2512,1627,828,799
2040,157,Fort Bend County,1,1 yr,20539,10489,10050,4024,2053,1971,2915,1485,1430,6673,3402,3271,5321,2732,2589,1606,817,789
2040,157,Fort Bend County,2,2 yrs,20932,10688,10244,4112,2100,2012,2943,1495,1448,6734,3433,3301,5549,2854,2695,1594,806,788
2040,157,Fort Bend County,3,3 yrs,21335,10920,10415,4199,2146,2053,2976,1512,1464,6796,3464,3332,5782,2997,2785,1582,801,781
2040,157,Fort Bend County,4,4 yrs,21741,11124,10617,4282,2190,2092,3011,1526,1485,6862,3497,3365,6015,3122,2893,1571,789,782
2040,157,Fort Bend County,5,5 yrs,22154,11364,10790,4358,2230,2128,3054,1547,1507,6926,3530,3396,6258,3273,2985,1558,784,774
2040,157,Fort Bend County,6,6 yrs,22359,11459,10900,4425,2266,2159,3099,1566,1533,6951,3549,3402,6342,3308,3034,1542,770,772
2040,157,Fort Bend County,7,7 yrs,22547,11571,10976,4488,2299,2189,3147,1589,1558,6970,3563,3407,6419,3359,3060,1523,761,762
2040,157,Fort Bend County,8,8 yrs,22730,11654,11076,4542,2329,2213,3200,1611,1589,6991,3581,3410,6494,3389,3105,1503,744,759
2040,157,Fort Bend County,9,9 yrs,22889,11756,11133,4585,2352,2233,3253,1638,1615,7005,3593,3412,6566,3439,3127,1480,734,746
2040,157,Fort Bend County,10,10 yrs,23017,11807,11210,4614,2370,2244,3306,1660,1646,7014,3603,3411,6627,3457,3170,1456,717,739
2040,157,Fort Bend County,11,11 yrs,22984,11807,11177,4680,2407,2273,3362,1691,1671,6959,3569,3390,6545,3432,3113,1438,708,730
2040,157,Fort Bend County,12,12 yrs,22880,11733,11147,4726,2433,2293,3413,1711,1702,6889,3529,3360,6441,3367,3074,1411,693,718
2040,157,Fort Bend County,13,13 yrs,22754,11691,11063,4755,2453,2302,3451,1732,1719,6823,3492,3331,6340,3332,3008,1385,682,703
2040,157,Fort Bend County,14,14 yrs,22551,11572,10979,4768,2467,2301,3476,1740,1736,6741,3446,3295,6215,3257,2958,1351,662,689
2040,157,Fort Bend County,15,15 yrs,22272,11423,10849,4749,2450,2299,3490,1743,1747,6651,3391,3260,6071,3195,2876,1311,644,667
2040,157,Fort Bend County,16,16 yrs,21923,11238,10685,4782,2480,2302,3494,1747,1747,6448,3289,3159,5931,3105,2826,1268,617,651
2040,157,Fort Bend County,17,17 yrs,21360,10965,10395,4740,2465,2275,3454,1727,1727,6225,3175,3050,5733,3006,2727,1208,592,616
2040,157,Fort Bend County,18,18 yrs,19967,10279,9688,4335,2295,2040,3273,1654,1619,5869,2995,2874,5346,2782,2564,1144,553,591
2040,157,Fort Bend County,19,19 yrs,18282,9431,8851,3789,2003,1786,3090,1573,1517,5420,2771,2649,4894,2555,2339,1089,529,560
2040,157,Fort Bend County,20,20 yrs,17941,9243,8698,3784,2015,1769,3107,1584,1523,5270,2690,2580,4720,2447,2273,1060,507,553
2040,157,Fort Bend County,21,21 yrs,17783,9119,8664,3696,1962,1734,3104,1572,1532,5197,2631,2566,4749,2454,2295,1037,500,537
2040,157,Fort Bend County,22,22 yrs,17759,9017,8742,3688,1940,1748,3107,1560,1547,5135,2567,2568,4815,2455,2360,1014,495,519
2040,157,Fort Bend County,23,23 yrs,17938,9081,8857,3837,2004,1833,3099,1554,1545,5083,2522,2561,4923,2512,2411,996,489,507
2040,157,Fort Bend County,24,24 yrs,17941,9035,8906,3892,2033,1859,3066,1529,1537,5046,2486,2560,4959,2515,2444,978,472,506
2040,157,Fort Bend County,25,25 yrs,17936,9011,8925,3954,2069,1885,3048,1518,1530,4990,2437,2553,4984,2518,2466,960,469,491
2040,157,Fort Bend County,26,26 yrs,18219,9112,9107,4030,2104,1926,3011,1498,1513,5076,2466,2610,5157,2583,2574,945,461,484
2040,157,Fort Bend County,27,27 yrs,18451,9201,9250,4050,2123,1927,2962,1470,1492,5144,2482,2662,5356,2663,2693,939,463,476
2040,157,Fort Bend County,28,28 yrs,18781,9321,9460,4138,2173,1965,2918,1449,1469,5217,2505,2712,5587,2740,2847,921,454,467
2040,157,Fort Bend County,29,29 yrs,19088,9427,9661,4171,2185,1986,2896,1435,1461,5278,2513,2765,5832,2841,2991,911,453,458
2040,157,Fort Bend County,30,30 yrs,20555,10207,10348,4883,2712,2171,2944,1429,1515,5407,2525,2882,6415,3082,3333,906,459,447
2040,157,Fort Bend County,31,31 yrs,21688,10658,11030,5310,2815,2495,3302,1588,1714,5494,2544,2950,6654,3202,3452,928,509,419
2040,157,Fort Bend County,32,32 yrs,22470,11087,11383,5236,2748,2488,3348,1639,1709,5507,2638,2869,7502,3625,3877,877,437,440
2040,157,Fort Bend County,33,33 yrs,23586,11551,12035,5466,2858,2608,3544,1703,1841,5796,2700,3096,7848,3827,4021,932,463,469
2040,157,Fort Bend County,34,34 yrs,24276,12164,12112,5818,3170,2648,3522,1782,1740,5807,2779,3028,8249,3999,4250,880,434,446
2040,157,Fort Bend County,35,35 yrs,24913,12206,12707,5824,3110,2714,3588,1672,1916,6095,2888,3207,8445,4038,4407,961,498,463
2040,157,Fort Bend County,36,36 yrs,25983,12782,13201,6063,3084,2979,3800,1841,1959,6078,2897,3181,8990,4401,4589,1052,559,493
2040,157,Fort Bend County,37,37 yrs,26215,12983,13232,5961,2998,2963,3872,1983,1889,6260,2906,3354,9195,4638,4557,927,458,469
2040,157,Fort Bend County,38,38 yrs,25896,13351,12545,6098,3247,2851,3801,1905,1896,6278,2949,3329,8745,4684,4061,974,566,408
2040,157,Fort Bend County,39,39 yrs,27172,13802,13370,6186,3258,2928,4098,1991,2107,6248,2950,3298,9589,5037,4552,1051,566,485
2040,157,Fort Bend County,40,40 yrs,26943,13639,13304,6459,3529,2930,4118,2043,2075,6302,3000,3302,9032,4504,4528,1032,563,469
2040,157,Fort Bend County,41,41 yrs,26475,13106,13369,6056,3190,2866,4098,2009,2089,6339,2941,3398,8962,4437,4525,1020,529,491
2040,157,Fort Bend County,42,42 yrs,26712,13526,13186,5990,3144,2846,4211,1998,2213,6085,2940,3145,9425,4931,4494,1001,513,488
2040,157,Fort Bend County,43,43 yrs,26265,13438,12827,6255,3328,2927,4083,2057,2026,5781,2786,2995,9262,4785,4477,884,482,402
2040,157,Fort Bend County,44,44 yrs,26289,13603,12686,6265,3322,2943,4139,2031,2108,5861,2832,3029,9138,4926,4212,886,492,394
2040,157,Fort Bend County,45,45 yrs,26207,13326,12881,6024,3156,2868,4080,1937,2143,5869,2899,2970,9316,4818,4498,918,516,402
2040,157,Fort Bend County,46,46 yrs,26194,13276,12918,6164,3173,2991,4062,2019,2043,6007,2866,3141,9092,4750,4342,869,468,401
2040,157,Fort Bend County,47,47 yrs,26310,13791,12519,5949,3194,2755,4248,2173,2075,5981,2915,3066,9241,5006,4235,891,503,388
2040,157,Fort Bend County,48,48 yrs,23683,12422,11261,5207,2763,2444,3820,1910,1910,5623,2841,2782,8265,4475,3790,768,433,335
2040,157,Fort Bend County,49,49 yrs,20929,10764,10165,3756,1960,1796,3305,1711,1594,5486,2774,2712,7795,3995,3800,587,324,263
2040,157,Fort Bend County,50,50 yrs,20108,10142,9966,3434,1791,1643,2953,1450,1503,5251,2607,2644,7948,3959,3989,522,335,187
2040,157,Fort Bend County,51,51 yrs,18688,9762,8926,3571,1856,1715,2658,1312,1346,4841,2488,2353,7176,3847,3329,442,259,183
2040,157,Fort Bend County,52,52 yrs,18055,9135,8920,3780,1899,1881,2378,1034,1344,4508,2407,2101,6961,3557,3404,428,238,190
2040,157,Fort Bend County,53,53 yrs,17793,9250,8543,4045,2016,2029,2291,1097,1194,4534,2344,2190,6421,3530,2891,502,263,239
2040,157,Fort Bend County,54,54 yrs,17453,8842,8611,4073,2094,1979,2220,1011,1209,4435,2330,2105,6313,3184,3129,412,223,189
2040,157,Fort Bend County,55,55 yrs,17934,9121,8813,4455,2197,2258,2173,980,1193,4306,2135,2171,6637,3597,3040,363,212,151
2040,157,Fort Bend County,56,56 yrs,16278,7927,8351,4006,1953,2053,2046,894,1152,3978,1967,2011,5817,2897,2920,431,216,215
2040,157,Fort Bend County,57,57 yrs,16564,8126,8438,4470,2200,2270,2083,939,1144,4257,2110,2147,5363,2677,2686,391,200,191
2040,157,Fort Bend County,58,58 yrs,16034,7997,8037,4405,2150,2255,2059,895,1164,4067,2110,1957,5077,2633,2444,426,209,217
2040,157,Fort Bend County,59,59 yrs,15758,7656,8102,4563,2240,2323,2144,921,1223,4049,1978,2071,4514,2280,2234,488,237,251
2040,157,Fort Bend County,60,60 yrs,15687,7467,8220,4610,2228,2382,2353,970,1383,3770,1889,1881,4529,2165,2364,425,215,210
2040,157,Fort Bend County,61,61 yrs,14751,6982,7769,4494,2186,2308,2148,847,1301,3583,1785,1798,4063,1942,2121,463,222,241
2040,157,Fort Bend County,62,62 yrs,14664,6994,7670,4479,2177,2302,2124,854,1270,3615,1802,1813,3972,1921,2051,474,240,234
2040,157,Fort Bend County,63,63 yrs,14459,6613,7846,4475,2164,2311,2213,884,1329,3534,1638,1896,3856,1772,2084,381,155,226
2040,157,Fort Bend County,64,64 yrs,14327,6663,7664,4311,2090,2221,2168,838,1330,3534,1666,1868,3865,1815,2050,449,254,195
2040,157,Fort Bend County,65,65 yrs,15100,6929,8171,4769,2257,2512,2271,889,1382,3576,1702,1874,3997,1807,2190,487,274,213
2040,157,Fort Bend County,66,66 yrs,14584,6717,7867,4544,2242,2302,2377,914,1463,3216,1479,1737,3966,1824,2142,481,258,223
2040,157,Fort Bend County,67,67 yrs,15081,6939,8142,4802,2303,2499,2483,957,1526,3340,1533,1807,4010,1927,2083,446,219,227
2040,157,Fort Bend County,68,68 yrs,15363,6927,8436,5257,2486,2771,2539,973,1566,3281,1482,1799,3843,1746,2097,443,240,203
2040,157,Fort Bend County,69,69 yrs,15584,7185,8399,5611,2711,2900,2607,1006,1601,3193,1479,1714,3715,1728,1987,458,261,197
2040,157,Fort Bend County,70,70 yrs,15005,6744,8261,5608,2642,2966,2368,873,1495,3131,1425,1706,3464,1572,1892,434,232,202
2040,157,Fort Bend County,71,71 yrs,13996,6322,7674,5140,2392,2748,2243,867,1376,2818,1295,1523,3350,1542,1808,445,226,219
2040,157,Fort Bend County,72,72 yrs,13251,6024,7227,5015,2479,2536,2163,826,1337,2710,1192,1518,3018,1388,1630,345,139,206
2040,157,Fort Bend County,73,73 yrs,13093,6036,7057,5033,2441,2592,2061,793,1268,2542,1149,1393,3100,1479,1621,357,174,183
2040,157,Fort Bend County,74,74 yrs,12934,5874,7060,4854,2296,2558,2038,784,1254,2597,1151,1446,3085,1470,1615,360,173,187
2040,157,Fort Bend County,75,75 yrs,12719,5764,6955,5126,2460,2666,2017,736,1281,2436,1078,1358,2738,1308,1430,402,182,220
2040,157,Fort Bend County,76,76 yrs,12620,5476,7144,5029,2241,2788,1998,690,1308,2295,970,1325,2927,1400,1527,371,175,196
2040,157,Fort Bend County,77,77 yrs,12607,5671,6936,5264,2534,2730,1913,695,1218,2136,908,1228,2924,1354,1570,370,180,190
2040,157,Fort Bend County,78,78 yrs,11820,5227,6593,5255,2429,2826,1782,640,1142,1934,842,1092,2465,1153,1312,384,163,221
2040,157,Fort Bend County,79,79 yrs,11818,5039,6779,5245,2349,2896,1827,671,1156,1777,738,1039,2619,1144,1475,350,137,213
2040,157,Fort Bend County,80,80 yrs,11896,5295,6601,5537,2614,2923,1784,667,1117,1686,742,944,2576,1123,1453,313,149,164
2040,157,Fort Bend County,81,81 yrs,11324,4912,6412,5464,2484,2980,1633,570,1063,1568,665,903,2379,1063,1316,280,130,150
2040,157,Fort Bend County,82,82 yrs,10701,4715,5986,5139,2427,2712,1566,531,1035,1490,594,896,2251,1037,1214,255,126,129
2040,157,Fort Bend County,83,83 yrs,9940,4366,5574,4794,2254,2540,1411,481,930,1359,542,817,2117,987,1130,259,102,157
2040,157,Fort Bend County,84,84 yrs,9111,4044,5067,4141,1947,2194,1290,450,840,1270,517,753,2142,1009,1133,268,121,147
2040,157,Fort Bend County,85,85 yrs,8166,3457,4709,3701,1654,2047,1230,411,819,1115,404,711,1899,900,999,221,88,133
2040,157,Fort Bend County,86,86 yrs,6969,2988,3981,3159,1440,1719,1004,307,697,987,347,640,1661,826,835,158,68,90
2040,157,Fort Bend County,87,87 yrs,6374,2681,3693,2832,1241,1591,889,276,613,860,315,545,1642,794,848,151,55,96
2040,157,Fort Bend County,88,88 yrs,5428,2215,3213,2473,1118,1355,777,206,571,772,278,494,1270,570,700,136,43,93
2040,157,Fort Bend County,89,89 yrs,4525,1844,2681,1974,849,1125,603,190,413,621,220,401,1231,553,678,96,32,64
2040,157,Fort Bend County,90,90 yrs,3950,1616,2334,1694,725,969,528,164,364,574,199,375,1074,504,570,80,24,56
2040,157,Fort Bend County,91,91 yrs,3126,1250,1876,1345,565,780,434,120,314,448,153,295,841,390,451,58,22,36
2040,157,Fort Bend County,92,92 yrs,2614,1016,1598,1175,482,693,325,94,231,398,118,280,672,307,365,44,15,29
2040,157,Fort Bend County,93,93 yrs,2115,816,1299,981,395,586,245,63,182,316,98,218,537,248,289,36,12,24
2040,157,Fort Bend County,94,94 yrs,1339,505,834,537,205,332,148,42,106,239,71,168,403,183,220,12,4,8
2040,157,Fort Bend County,95,95+ yrs,3576,1291,2285,1330,467,863,362,86,276,655,181,474,1199,550,649,30,7,23
2041,157,Fort Bend County,-1,All Ages,1723981,851518,872463,436633,219427,217206,255817,118951,136866,434173,211576,222597,521689,263335,258354,75669,38229,37440
2041,157,Fort Bend County,0,< 1 yr,20707,10565,10142,3964,2021,1943,2954,1507,1447,6806,3471,3335,5298,2706,2592,1685,860,825
2041,157,Fort Bend County,1,1 yr,20989,10704,10285,4030,2056,1974,2949,1499,1450,6835,3484,3351,5513,2822,2691,1662,843,819
2041,157,Fort Bend County,2,2 yrs,21379,10930,10449,4120,2104,2016,2973,1513,1460,6893,3514,3379,5742,2962,2780,1651,837,814
2041,157,Fort Bend County,3,3 yrs,21784,11136,10648,4209,2151,2058,3000,1522,1478,6954,3545,3409,5983,3092,2891,1638,826,812
2041,157,Fort Bend County,4,4 yrs,22207,11380,10827,4296,2197,2099,3034,1540,1494,7018,3577,3441,6233,3245,2988,1626,821,805
2041,157,Fort Bend County,5,5 yrs,22636,11598,11038,4382,2243,2139,3070,1554,1516,7087,3611,3476,6483,3381,3102,1614,809,805
2041,157,Fort Bend County,6,6 yrs,22845,11722,11123,4460,2283,2177,3112,1574,1538,7106,3627,3479,6569,3437,3132,1598,801,797
2041,157,Fort Bend County,7,7 yrs,23052,11818,11234,4527,2320,2207,3158,1593,1565,7131,3646,3485,6655,3473,3182,1581,786,795
2041,157,Fort Bend County,8,8 yrs,23245,11934,11311,4592,2354,2238,3206,1616,1590,7151,3661,3490,6735,3526,3209,1561,777,784
2041,157,Fort Bend County,9,9 yrs,23435,12022,11413,4648,2385,2263,3260,1639,1621,7171,3679,3492,6815,3558,3257,1541,761,780
2041,157,Fort Bend County,10,10 yrs,23603,12127,11476,4693,2409,2284,3315,1666,1649,7185,3691,3494,6891,3610,3281,1519,751,768
2041,157,Fort Bend County,11,11 yrs,23596,12106,11490,4774,2456,2318,3380,1697,1683,7133,3660,3473,6809,3555,3254,1500,738,762
2041,157,Fort Bend County,12,12 yrs,23557,12104,11453,4840,2494,2346,3436,1727,1709,7077,3625,3452,6724,3530,3194,1480,728,752
2041,157,Fort Bend County,13,13 yrs,23449,12027,11422,4887,2520,2367,3488,1748,1740,7005,3584,3421,6616,3462,3154,1453,713,740
2041,157,Fort Bend County,14,14 yrs,23317,11982,11335,4917,2541,2376,3527,1769,1758,6937,3546,3391,6511,3425,3086,1425,701,724
2041,157,Fort Bend County,15,15 yrs,23053,11811,11242,4903,2533,2370,3544,1767,1777,6848,3494,3354,6373,3341,3032,1385,676,709
2041,157,Fort Bend County,16,16 yrs,22760,11682,11078,4956,2568,2388,3564,1783,1781,6647,3388,3259,6246,3281,2965,1347,662,685
2041,157,Fort Bend County,17,17 yrs,22214,11385,10829,4927,2561,2366,3527,1763,1764,6422,3275,3147,6055,3162,2893,1283,624,659
2041,157,Fort Bend County,18,18 yrs,20820,10740,10080,4510,2389,2121,3352,1696,1656,6072,3100,2972,5662,2960,2702,1224,595,629
2041,157,Fort Bend County,19,19 yrs,19103,9831,9272,3936,2076,1860,3175,1613,1562,5613,2871,2742,5218,2711,2507,1161,560,601
2041,157,Fort Bend County,20,20 yrs,18745,9675,9070,3931,2096,1835,3198,1631,1567,5460,2785,2675,5025,2619,2406,1131,544,587
2041,157,Fort Bend County,21,21 yrs,18575,9512,9063,3818,2024,1794,3203,1620,1583,5383,2724,2659,5067,2612,2455,1104,532,572
2041,157,Fort Bend County,22,22 yrs,18551,9434,9117,3807,2005,1802,3210,1614,1596,5317,2661,2656,5133,2626,2507,1084,528,556
2041,157,Fort Bend County,23,23 yrs,18710,9455,9255,3932,2053,1879,3206,1605,1601,5260,2608,2652,5254,2673,2581,1058,516,542
2041,157,Fort Bend County,24,24 yrs,18697,9436,9261,3984,2081,1903,3174,1586,1588,5221,2571,2650,5278,2688,2590,1040,510,530
2041,157,Fort Bend County,25,25 yrs,18679,9366,9313,4039,2112,1927,3156,1568,1588,5157,2521,2636,5310,2672,2638,1017,493,524
2041,157,Fort Bend County,26,26 yrs,18957,9495,9462,4113,2150,1963,3119,1552,1567,5241,2544,2697,5479,2758,2721,1005,491,514
2041,157,Fort Bend County,27,27 yrs,19168,9537,9631,4135,2165,1970,3078,1528,1550,5319,2567,2752,5652,2794,2858,984,483,501
2041,157,Fort Bend County,28,28 yrs,19482,9686,9796,4202,2211,1991,3020,1501,1519,5393,2587,2806,5889,2903,2986,978,484,494
2041,157,Fort Bend County,29,29 yrs,19738,9726,10012,4219,2207,2012,2978,1475,1503,5456,2601,2855,6126,2969,3157,959,474,485
2041,157,Fort Bend County,30,30 yrs,20033,9816,10217,4275,2236,2039,2945,1454,1491,5524,2612,2912,6338,3040,3298,951,474,477
2041,157,Fort Bend County,31,31 yrs,21728,10828,10900,5033,2797,2236,3009,1455,1554,5658,2643,3015,7081,3450,3631,947,483,464
2041,157,Fort Bend County,32,32 yrs,22793,11221,11572,5445,2891,2554,3365,1618,1747,5740,2656,3084,7278,3524,3754,965,532,433
2041,157,Fort Bend County,33,33 yrs,23648,11702,11946,5365,2819,2546,3413,1668,1745,5745,2749,2996,8210,4008,4202,915,458,457
2041,157,Fort Bend County,34,34 yrs,24770,12159,12611,5594,2924,2670,3608,1734,1874,6042,2815,3227,8557,4201,4356,969,485,484
2041,157,Fort Bend County,35,35 yrs,25496,12792,12704,5953,3248,2705,3580,1806,1774,6058,2898,3160,8992,4389,4603,913,451,462
2041,157,Fort Bend County,36,36 yrs,25806,12681,13125,5957,3184,2773,3648,1699,1949,6276,2978,3298,8920,4295,4625,1005,525,480
2041,157,Fort Bend County,37,37 yrs,26910,13273,13637,6197,3153,3044,3858,1868,1990,6264,2989,3275,9496,4680,4816,1095,583,512
2041,157,Fort Bend County,38,38 yrs,27138,13476,13662,6089,3065,3024,3927,2008,1919,6446,2995,3451,9711,4929,4782,965,479,486
2041,157,Fort Bend County,39,39 yrs,26799,13860,12939,6227,3318,2909,3854,1931,1923,6466,3043,3423,9237,4975,4262,1015,593,422
2041,157,Fort Bend County,40,40 yrs,28152,14348,13804,6331,3339,2992,4164,2022,2142,6437,3042,3395,10128,5353,4775,1092,592,500
2041,157,Fort Bend County,41,41 yrs,27537,13978,13559,6603,3610,2993,4167,2064,2103,6395,3053,3342,9301,4664,4637,1071,587,484
2041,157,Fort Bend County,42,42 yrs,27043,13425,13618,6187,3262,2925,4139,2026,2113,6432,2993,3439,9227,4593,4634,1058,551,507
2041,157,Fort Bend County,43,43 yrs,27293,13860,13433,6119,3213,2906,4257,2018,2239,6171,2989,3182,9707,5105,4602,1039,535,504
2041,157,Fort Bend County,44,44 yrs,26822,13758,13064,6384,3399,2985,4125,2075,2050,5867,2835,3032,9532,4948,4584,914,501,413
2041,157,Fort Bend County,45,45 yrs,26880,13959,12921,6409,3406,3003,4189,2056,2133,5949,2883,3066,9415,5102,4313,918,512,406
2041,157,Fort Bend County,46,46 yrs,26632,13539,13093,6139,3215,2924,4111,1946,2165,5932,2932,3000,9497,4909,4588,953,537,416
2041,157,Fort Bend County,47,47 yrs,26629,13500,13129,6288,3239,3049,4105,2038,2067,6071,2899,3172,9266,4839,4427,899,485,414
2041,157,Fort Bend County,48,48 yrs,26736,14015,12721,6065,3256,2809,4281,2185,2096,6046,2950,3096,9417,5099,4318,927,525,402
2041,157,Fort Bend County,49,49 yrs,24054,12613,11441,5308,2815,2493,3849,1920,1929,5682,2872,2810,8421,4558,3863,794,448,346
2041,157,Fort Bend County,50,50 yrs,21261,10938,10323,3831,2000,1831,3330,1721,1609,5548,2810,2738,7943,4069,3874,609,338,271
2041,157,Fort Bend County,51,51 yrs,20361,10258,10103,3498,1825,1673,2969,1452,1517,5276,2616,2660,8077,4016,4061,541,349,192
2041,157,Fort Bend County,52,52 yrs,18909,9861,9048,3635,1889,1746,2672,1315,1357,4858,2492,2366,7287,3896,3391,457,269,188
2041,157,Fort Bend County,53,53 yrs,18270,9228,9042,3847,1933,1914,2390,1035,1355,4522,2410,2112,7068,3603,3465,443,247,196
2041,157,Fort Bend County,54,54 yrs,18003,9344,8659,4112,2048,2064,2303,1099,1204,4548,2347,2201,6521,3576,2945,519,274,245
2041,157,Fort Bend County,55,55 yrs,17712,8948,8764,4172,2139,2033,2235,1012,1223,4455,2336,2119,6420,3227,3193,430,234,196
2041,157,Fort Bend County,56,56 yrs,18185,9232,8953,4534,2234,2300,2176,977,1199,4339,2150,2189,6760,3651,3109,376,220,156
2041,157,Fort Bend County,57,57 yrs,16501,8020,8481,4075,1985,2090,2050,892,1158,4007,1981,2026,5925,2938,2987,444,224,220
2041,157,Fort Bend County,58,58 yrs,16781,8217,8564,4546,2237,2309,2083,933,1150,4288,2126,2162,5460,2713,2747,404,208,196
2041,157,Fort Bend County,59,59 yrs,16231,8078,8153,4475,2181,2294,2060,891,1169,4093,2123,1970,5166,2668,2498,437,215,222
2041,157,Fort Bend County,60,60 yrs,15953,7740,8213,4639,2277,2362,2144,917,1227,4073,1989,2084,4593,2310,2283,504,247,257
2041,157,Fort Bend County,61,61 yrs,15921,7560,8361,4682,2260,2422,2349,962,1387,3806,1892,1914,4647,2225,2422,437,221,216
2041,157,Fort Bend County,62,62 yrs,14961,7066,7895,4562,2217,2345,2143,839,1304,3613,1785,1828,4167,1997,2170,476,228,248
2041,157,Fort Bend County,63,63 yrs,14863,7073,7790,4544,2206,2338,2115,844,1271,3648,1804,1844,4070,1973,2097,486,246,240
2041,157,Fort Bend County,64,64 yrs,14642,6678,7964,4534,2189,2345,2203,874,1329,3562,1637,1925,3951,1819,2132,392,159,233
2041,157,Fort Bend County,65,65 yrs,14499,6726,7773,4361,2111,2250,2154,825,1329,3559,1663,1896,3963,1865,2098,462,262,200
2041,157,Fort Bend County,66,66 yrs,15285,7003,8282,4831,2284,2547,2270,883,1387,3613,1714,1899,4064,1838,2226,507,284,223
2041,157,Fort Bend County,67,67 yrs,14737,6776,7961,4598,2266,2332,2372,908,1464,3247,1487,1760,4020,1848,2172,500,267,233
2041,157,Fort Bend County,68,68 yrs,15209,6984,8225,4852,2324,2528,2475,948,1527,3369,1540,1829,4050,1945,2105,463,227,236
2041,157,Fort Bend County,69,69 yrs,15474,6957,8517,5306,2504,2802,2528,962,1566,3304,1484,1820,3876,1759,2117,460,248,212
2041,157,Fort Bend County,70,70 yrs,15677,7209,8468,5656,2727,2929,2591,994,1597,3212,1481,1731,3745,1739,2006,473,268,205
2041,157,Fort Bend County,71,71 yrs,15099,6766,8333,5642,2652,2990,2351,859,1492,3136,1420,1716,3523,1598,1925,447,237,210
2041,157,Fort Bend County,72,72 yrs,14062,6329,7733,5165,2397,2768,2223,852,1371,2821,1290,1531,3394,1558,1836,459,232,227
2041,157,Fort Bend County,73,73 yrs,13277,6011,7266,5031,2480,2551,2136,809,1327,2706,1182,1524,3048,1397,1651,356,143,213
2041,157,Fort Bend County,74,74 yrs,13100,6008,7092,5038,2434,2604,2034,775,1259,2535,1138,1397,3127,1484,1643,366,177,189
2041,157,Fort Bend County,75,75 yrs,12910,5833,7077,4852,2287,2565,2005,763,1242,2582,1136,1446,3103,1472,1631,368,175,193
2041,157,Fort Bend County,76,76 yrs,12736,5755,6981,5143,2463,2680,1992,719,1273,2400,1059,1341,2790,1329,1461,411,185,226
2041,157,Fort Bend County,77,77 yrs,12599,5449,7150,5032,2236,2796,1966,671,1295,2253,950,1303,2969,1414,1555,379,178,201
2041,157,Fort Bend County,78,78 yrs,12537,5615,6922,5247,2516,2731,1879,674,1205,2091,884,1207,2946,1360,1586,374,181,193
2041,157,Fort Bend County,79,79 yrs,11717,5153,6564,5221,2405,2816,1742,619,1123,1884,816,1068,2482,1149,1333,388,164,224
2041,157,Fort Bend County,80,80 yrs,11673,4947,6726,5190,2313,2877,1779,645,1134,1723,712,1011,2629,1141,1488,352,136,216
2041,157,Fort Bend County,81,81 yrs,11661,5160,6501,5389,2528,2861,1710,629,1081,1668,722,946,2582,1134,1448,312,147,165
2041,157,Fort Bend County,82,82 yrs,11030,4752,6278,5285,2384,2901,1559,534,1025,1546,644,902,2363,1063,1300,277,127,150
2041,157,Fort Bend County,83,83 yrs,10374,4536,5838,4941,2315,2626,1488,495,993,1461,571,890,2234,1033,1201,250,122,128
2041,157,Fort Bend County,84,84 yrs,9587,4174,5413,4582,2136,2446,1336,446,890,1323,515,808,2093,980,1113,253,97,156
2041,157,Fort Bend County,85,85 yrs,8730,3839,4891,3929,1829,2100,1212,413,799,1228,490,738,2101,991,1110,260,116,144
2041,157,Fort Bend County,86,86 yrs,7719,3235,4484,3483,1540,1943,1136,373,763,1072,380,692,1823,862,961,205,80,125
2041,157,Fort Bend County,87,87 yrs,6531,2765,3766,2942,1324,1618,922,275,647,939,322,617,1585,785,800,143,59,84
2041,157,Fort Bend County,88,88 yrs,5904,2455,3449,2607,1126,1481,810,247,563,809,290,519,1541,743,798,137,49,88
2041,157,Fort Bend County,89,89 yrs,4977,2000,2977,2247,1002,1245,702,182,520,719,252,467,1189,528,661,120,36,84
2041,157,Fort Bend County,90,90 yrs,4102,1646,2456,1772,749,1023,538,164,374,570,197,373,1138,508,630,84,28,56
2041,157,Fort Bend County,91,91 yrs,3536,1423,2113,1493,627,866,463,138,325,518,176,342,993,463,530,69,19,50
2041,157,Fort Bend County,92,92 yrs,2746,1080,1666,1164,479,685,376,101,275,399,133,266,761,350,411,46,17,29
2041,157,Fort Bend County,93,93 yrs,2263,860,1403,997,398,599,282,80,202,348,100,248,600,269,331,36,13,23
2041,157,Fort Bend County,94,94 yrs,1775,670,1105,808,315,493,202,49,153,272,82,190,466,216,250,27,8,19
2041,157,Fort Bend County,95,95+ yrs,3949,1432,2517,1424,502,922,402,99,303,731,204,527,1361,619,742,31,8,23
2042,157,Fort Bend County,-1,All Ages,1777871,878569,899302,444087,223300,220787,260054,120974,139080,447681,218010,229671,546434,276021,270413,79615,40264,39351
2042,157,Fort Bend County,0,< 1 yr,21185,10794,10391,3978,2028,1950,2996,1526,1470,6977,3558,3419,5488,2794,2694,1746,888,858
2042,157,Fort Bend County,1,1 yr,21457,10956,10501,4040,2061,1979,2987,1521,1466,7003,3570,3433,5706,2929,2777,1721,875,846
2042,157,Fort Bend County,2,2 yrs,21847,11156,10691,4126,2107,2019,3007,1527,1480,7058,3598,3460,5948,3060,2888,1708,864,844
2042,157,Fort Bend County,3,3 yrs,22251,11390,10861,4218,2156,2062,3030,1540,1490,7117,3628,3489,6191,3209,2982,1695,857,838
2042,157,Fort Bend County,4,4 yrs,22678,11608,11070,4307,2203,2104,3058,1549,1509,7180,3660,3520,6449,3349,3100,1684,847,837
2042,157,Fort Bend County,5,5 yrs,23124,11866,11258,4397,2251,2146,3093,1568,1525,7246,3693,3553,6718,3513,3205,1670,841,829
2042,157,Fort Bend County,6,6 yrs,23343,11965,11378,4485,2297,2188,3128,1581,1547,7269,3709,3560,6806,3551,3255,1655,827,828
2042,157,Fort Bend County,7,7 yrs,23557,12093,11464,4566,2339,2227,3170,1601,1569,7289,3726,3563,6895,3609,3286,1637,818,819
2042,157,Fort Bend County,8,8 yrs,23771,12194,11577,4633,2376,2257,3217,1621,1596,7315,3746,3569,6985,3647,3338,1621,804,817
2042,157,Fort Bend County,9,9 yrs,23969,12310,11659,4699,2410,2289,3267,1644,1623,7334,3760,3574,7068,3702,3366,1601,794,807
2042,157,Fort Bend County,10,10 yrs,24164,12402,11762,4755,2442,2313,3322,1668,1654,7355,3779,3576,7152,3736,3416,1580,777,803
2042,157,Fort Bend County,11,11 yrs,24191,12433,11758,4854,2496,2358,3389,1703,1686,7305,3748,3557,7079,3713,3366,1564,773,791
2042,157,Fort Bend County,12,12 yrs,24180,12409,11771,4936,2544,2392,3453,1733,1720,7252,3716,3536,6994,3656,3338,1545,760,785
2042,157,Fort Bend County,13,13 yrs,24137,12404,11733,5004,2583,2421,3511,1764,1747,7194,3680,3514,6905,3628,3277,1523,749,774
2042,157,Fort Bend County,14,14 yrs,24027,12326,11701,5053,2611,2442,3562,1784,1778,7122,3639,3483,6794,3559,3235,1496,733,763
2042,157,Fort Bend County,15,15 yrs,23835,12230,11605,5056,2609,2447,3594,1796,1798,7047,3595,3452,6677,3514,3163,1461,716,745
2042,157,Fort Bend County,16,16 yrs,23556,12079,11477,5117,2655,2462,3618,1807,1811,6842,3490,3352,6556,3432,3124,1423,695,728
2042,157,Fort Bend County,17,17 yrs,23067,11838,11229,5107,2652,2455,3597,1799,1798,6621,3374,3247,6379,3344,3035,1363,669,694
2042,157,Fort Bend County,18,18 yrs,21674,11162,10512,4689,2482,2207,3423,1731,1692,6267,3199,3068,5994,3123,2871,1301,627,674
2042,157,Fort Bend County,19,19 yrs,19950,10286,9664,4100,2164,1936,3254,1655,1599,5812,2973,2839,5541,2891,2650,1243,603,640
2042,157,Fort Bend County,20,20 yrs,19579,10079,9500,4080,2170,1910,3285,1672,1613,5653,2884,2769,5356,2778,2578,1205,575,630
2042,157,Fort Bend County,21,21 yrs,19401,9951,9450,3965,2104,1861,3297,1668,1629,5575,2819,2756,5388,2791,2597,1176,569,607
2042,157,Fort Bend County,22,22 yrs,19375,9841,9534,3933,2068,1865,3310,1662,1648,5506,2755,2751,5472,2794,2678,1154,562,592
2042,157,Fort Bend County,23,23 yrs,19538,9888,9650,4057,2121,1936,3313,1661,1652,5443,2701,2742,5595,2855,2740,1130,550,580
2042,157,Fort Bend County,24,24 yrs,19497,9822,9675,4080,2131,1949,3283,1637,1646,5400,2657,2743,5629,2859,2770,1105,538,567
2042,157,Fort Bend County,25,25 yrs,19465,9778,9687,4134,2161,1973,3265,1625,1640,5333,2605,2728,5650,2854,2796,1083,533,550
2042,157,Fort Bend County,26,26 yrs,19742,9869,9873,4200,2194,2006,3230,1604,1626,5414,2630,2784,5833,2924,2909,1065,517,548
2042,157,Fort Bend County,27,27 yrs,19952,9939,10013,4220,2212,2008,3190,1583,1607,5492,2648,2844,6003,2982,3021,1047,514,533
2042,157,Fort Bend County,28,28 yrs,20238,10038,10200,4290,2255,2035,3136,1559,1577,5576,2675,2901,6212,3044,3168,1024,505,519
2042,157,Fort Bend County,29,29 yrs,20477,10108,10369,4283,2245,2038,3082,1528,1554,5640,2686,2954,6454,3144,3310,1018,505,513
2042,157,Fort Bend County,30,30 yrs,20719,10127,10592,4325,2258,2067,3028,1494,1534,5708,2702,3006,6657,3177,3480,1001,496,505
2042,157,Fort Bend County,31,31 yrs,21202,10434,10768,4413,2310,2103,3006,1479,1527,5780,2734,3046,7009,3412,3597,994,499,495
2042,157,Fort Bend County,32,32 yrs,22868,11414,11454,5161,2872,2289,3068,1484,1584,5909,2759,3150,7745,3794,3951,985,505,480
2042,157,Fort Bend County,33,33 yrs,23972,11832,12140,5579,2965,2614,3431,1647,1784,5989,2768,3221,7967,3895,4072,1006,557,449
2042,157,Fort Bend County,34,34 yrs,24855,12330,12525,5491,2884,2607,3473,1697,1776,5990,2867,3123,8949,4402,4547,952,480,472
2042,157,Fort Bend County,35,35 yrs,26027,12801,13226,5724,2996,2728,3667,1757,1910,6304,2936,3368,9326,4607,4719,1006,505,501
2042,157,Fort Bend County,36,36 yrs,26415,13290,13125,6089,3325,2764,3638,1834,1804,6238,2988,3250,9496,4668,4828,954,475,479
2042,157,Fort Bend County,37,37 yrs,26724,13163,13561,6090,3256,2834,3704,1724,1980,6466,3071,3395,9420,4565,4855,1044,547,497
2042,157,Fort Bend County,38,38 yrs,27858,13777,14081,6331,3224,3107,3912,1892,2020,6448,3079,3369,10027,4972,5055,1140,610,530
2042,157,Fort Bend County,39,39 yrs,28092,13994,14098,6219,3133,3086,3980,2034,1946,6635,3089,3546,10253,5235,5018,1005,503,502
2042,157,Fort Bend County,40,40 yrs,27759,14402,13357,6373,3401,2972,3915,1960,1955,6661,3137,3524,9754,5283,4471,1056,621,435
2042,157,Fort Bend County,41,41 yrs,28781,14714,14067,6472,3416,3056,4213,2042,2171,6530,3095,3435,10432,5544,4888,1134,617,517
2042,157,Fort Bend County,42,42 yrs,28132,14319,13813,6745,3690,3055,4207,2081,2126,6489,3107,3382,9578,4829,4749,1113,612,501
2042,157,Fort Bend County,43,43 yrs,27622,13751,13871,6318,3332,2986,4182,2046,2136,6522,3042,3480,9501,4756,4745,1099,575,524
2042,157,Fort Bend County,44,44 yrs,27870,14190,13680,6244,3280,2964,4300,2035,2265,6262,3041,3221,9990,5279,4711,1074,555,519
2042,157,Fort Bend County,45,45 yrs,27423,14115,13308,6531,3486,3045,4174,2100,2074,5954,2885,3069,9817,5123,4694,947,521,426
2042,157,Fort Bend County,46,46 yrs,27308,14179,13129,6530,3470,3060,4219,2065,2154,6012,2915,3097,9596,5197,4399,951,532,419
2042,157,Fort Bend County,47,47 yrs,27079,13771,13308,6262,3281,2981,4152,1963,2189,5997,2967,3030,9683,5003,4680,985,557,428
2042,157,Fort Bend County,48,48 yrs,27054,13717,13337,6410,3302,3108,4135,2048,2087,6136,2933,3203,9440,4928,4512,933,506,427
2042,157,Fort Bend County,49,49 yrs,27156,14233,12923,6180,3316,2864,4313,2197,2116,6109,2982,3127,9596,5194,4402,958,544,414
2042,157,Fort Bend County,50,50 yrs,24449,12829,11620,5418,2876,2542,3880,1932,1948,5745,2908,2837,8581,4644,3937,825,469,356
2042,157,Fort Bend County,51,51 yrs,21525,11061,10464,3902,2039,1863,3348,1724,1624,5572,2819,2753,8073,4127,3946,630,352,278
2042,157,Fort Bend County,52,52 yrs,20607,10367,10240,3561,1858,1703,2985,1456,1529,5296,2620,2676,8206,4071,4135,559,362,197
2042,157,Fort Bend County,53,53 yrs,19133,9962,9171,3701,1924,1777,2685,1317,1368,4875,2495,2380,7401,3948,3453,471,278,193
2042,157,Fort Bend County,54,54 yrs,18481,9318,9163,3909,1962,1947,2403,1037,1366,4536,2413,2123,7174,3648,3526,459,258,201
2042,157,Fort Bend County,55,55 yrs,18265,9456,8809,4212,2092,2120,2317,1100,1217,4569,2353,2216,6627,3624,3003,540,287,253
2042,157,Fort Bend County,56,56 yrs,17960,9055,8905,4248,2177,2071,2241,1010,1231,4489,2353,2136,6538,3272,3266,444,243,201
2042,157,Fort Bend County,57,57 yrs,18431,9340,9091,4610,2270,2340,2178,973,1205,4372,2165,2207,6882,3703,3179,389,229,160
2042,157,Fort Bend County,58,58 yrs,16721,8112,8609,4144,2018,2126,2049,886,1163,4035,1995,2040,6035,2981,3054,458,232,226
2042,157,Fort Bend County,59,59 yrs,16988,8300,8688,4617,2269,2348,2084,930,1154,4315,2139,2176,5556,2747,2809,416,215,201
2042,157,Fort Bend County,60,60 yrs,16436,8167,8269,4549,2217,2332,2060,887,1173,4117,2135,1982,5258,2704,2554,452,224,228
2042,157,Fort Bend County,61,61 yrs,16194,7839,8355,4712,2310,2402,2140,909,1231,4113,1993,2120,4712,2374,2338,517,253,264
2042,157,Fort Bend County,62,62 yrs,16154,7651,8503,4754,2292,2462,2343,953,1390,3840,1893,1947,4767,2286,2481,450,227,223
2042,157,Fort Bend County,63,63 yrs,15167,7147,8020,4628,2246,2382,2136,830,1306,3646,1787,1859,4268,2050,2218,489,234,255
2042,157,Fort Bend County,64,64 yrs,15054,7149,7905,4603,2231,2372,2105,835,1270,3675,1803,1872,4172,2027,2145,499,253,246
2042,157,Fort Bend County,65,65 yrs,14816,6739,8077,4589,2212,2377,2188,861,1327,3586,1633,1953,4050,1869,2181,403,164,239
2042,157,Fort Bend County,66,66 yrs,14681,6800,7881,4419,2136,2283,2153,820,1333,3597,1675,1922,4031,1897,2134,481,272,209
2042,157,Fort Bend County,67,67 yrs,15452,7067,8385,4890,2309,2581,2266,878,1388,3648,1723,1925,4121,1863,2258,527,294,233
2042,157,Fort Bend County,68,68 yrs,14868,6823,8045,4647,2287,2360,2366,901,1465,3276,1493,1783,4060,1866,2194,519,276,243
2042,157,Fort Bend County,69,69 yrs,15315,7011,8304,4898,2342,2556,2465,937,1528,3392,1542,1850,4081,1957,2124,479,233,246
2042,157,Fort Bend County,70,70 yrs,15574,6982,8592,5352,2521,2831,2515,951,1564,3325,1486,1839,3906,1769,2137,476,255,221
2042,157,Fort Bend County,71,71 yrs,15777,7236,8541,5692,2738,2954,2572,979,1593,3218,1476,1742,3807,1768,2039,488,275,213
2042,157,Fort Bend County,72,72 yrs,15171,6772,8399,5670,2658,3012,2330,843,1487,3140,1414,1726,3571,1615,1956,460,242,218
2042,157,Fort Bend County,73,73 yrs,14092,6315,7777,5184,2399,2785,2193,833,1360,2817,1280,1537,3428,1567,1861,470,236,234
2042,157,Fort Bend County,74,74 yrs,13283,5982,7301,5037,2474,2563,2107,790,1317,2700,1171,1529,3074,1402,1672,365,145,220
2042,157,Fort Bend County,75,75 yrs,13079,5969,7110,5034,2423,2611,2002,755,1247,2522,1125,1397,3146,1486,1660,375,180,195
2042,157,Fort Bend County,76,76 yrs,12928,5822,7106,4867,2289,2578,1979,745,1234,2544,1116,1428,3161,1494,1667,377,178,199
2042,157,Fort Bend County,77,77 yrs,12712,5723,6989,5146,2458,2688,1961,699,1262,2357,1037,1320,2830,1343,1487,418,186,232
2042,157,Fort Bend County,78,78 yrs,12535,5398,7137,5019,2222,2797,1933,651,1282,2205,925,1280,2994,1422,1572,384,178,206
2042,157,Fort Bend County,79,79 yrs,12435,5539,6896,5216,2493,2723,1836,652,1184,2038,857,1181,2966,1355,1611,379,182,197
2042,157,Fort Bend County,80,80 yrs,11571,5060,6511,5166,2369,2797,1695,594,1101,1826,786,1040,2492,1147,1345,392,164,228
2042,157,Fort Bend County,81,81 yrs,11451,4826,6625,5053,2237,2816,1705,608,1097,1707,694,1013,2635,1153,1482,351,134,217
2042,157,Fort Bend County,82,82 yrs,11360,4994,6366,5210,2426,2784,1631,589,1042,1645,700,945,2565,1134,1431,309,145,164
2042,157,Fort Bend County,83,83 yrs,10700,4576,6124,5084,2275,2809,1482,499,983,1515,619,896,2346,1059,1287,273,124,149
2042,157,Fort Bend County,84,84 yrs,10010,4340,5670,4724,2194,2530,1409,459,950,1425,544,881,2207,1025,1182,245,118,127
2042,157,Fort Bend County,85,85 yrs,9182,3960,5222,4348,2007,2341,1254,409,845,1280,488,792,2053,963,1090,247,93,154
2042,157,Fort Bend County,86,86 yrs,8255,3594,4661,3698,1704,1994,1119,374,745,1179,460,719,2019,950,1069,240,106,134
2042,157,Fort Bend County,87,87 yrs,7240,2998,4242,3248,1418,1830,1045,336,709,1019,353,666,1741,820,921,187,71,116
2042,157,Fort Bend County,88,88 yrs,6051,2532,3519,2709,1202,1507,840,245,595,884,297,587,1489,735,754,129,53,76
2042,157,Fort Bend County,89,89 yrs,5417,2218,3199,2371,1010,1361,727,214,513,754,264,490,1443,689,754,122,41,81
2042,157,Fort Bend County,90,90 yrs,4512,1785,2727,2018,885,1133,628,157,471,660,226,434,1101,486,615,105,31,74
2042,157,Fort Bend County,91,91 yrs,3678,1453,2225,1562,648,914,474,139,335,515,175,340,1056,469,587,71,22,49
2042,157,Fort Bend County,92,92 yrs,3114,1233,1881,1294,532,762,402,117,285,463,153,310,899,416,483,56,15,41
2042,157,Fort Bend County,93,93 yrs,2382,915,1467,988,396,592,326,85,241,349,113,236,680,307,373,39,14,25
2042,157,Fort Bend County,94,94 yrs,1906,708,1198,823,318,505,233,63,170,301,84,217,522,234,288,27,9,18
2042,157,Fort Bend County,95,95+ yrs,4616,1679,2937,1714,613,1101,480,116,364,823,232,591,1557,708,849,42,10,32
2043,157,Fort Bend County,-1,All Ages,1833120,906376,926744,451488,227164,224324,264271,123002,141269,461420,224563,236857,572192,289243,282949,83749,42404,41345
2043,157,Fort Bend County,0,< 1 yr,21700,11072,10628,4001,2040,1961,3043,1553,1490,7155,3649,3506,5691,2906,2785,1810,924,886
2043,157,Fort Bend County,1,1 yr,21955,11197,10758,4054,2068,1986,3030,1541,1489,7178,3659,3519,5909,3024,2885,1784,905,879
2043,157,Fort Bend County,2,2 yrs,22338,11420,10918,4137,2112,2025,3045,1549,1496,7230,3686,3544,6158,3176,2982,1768,897,871
2043,157,Fort Bend County,3,3 yrs,22741,11628,11113,4224,2159,2065,3064,1554,1510,7286,3714,3572,6413,3316,3097,1754,885,869
2043,157,Fort Bend County,4,4 yrs,23167,11875,11292,4317,2208,2109,3088,1568,1520,7347,3745,3602,6673,3475,3198,1742,879,863
2043,157,Fort Bend County,5,5 yrs,23618,12107,11511,4408,2257,2151,3118,1578,1540,7412,3778,3634,6950,3626,3324,1730,868,862
2043,157,Fort Bend County,6,6 yrs,23844,12241,11603,4500,2305,2195,3150,1594,1556,7430,3793,3637,7051,3689,3362,1713,860,853
2043,157,Fort Bend County,7,7 yrs,24072,12344,11728,4591,2353,2238,3186,1607,1579,7455,3810,3645,7143,3729,3414,1697,845,852
2043,157,Fort Bend County,8,8 yrs,24286,12472,11814,4671,2394,2277,3228,1628,1600,7475,3827,3648,7234,3788,3446,1678,835,843
2043,157,Fort Bend County,9,9 yrs,24508,12577,11931,4740,2432,2308,3277,1648,1629,7500,3847,3653,7329,3829,3500,1662,821,841
2043,157,Fort Bend County,10,10 yrs,24710,12696,12014,4807,2467,2340,3328,1672,1656,7519,3861,3658,7415,3885,3530,1641,811,830
2043,157,Fort Bend County,11,11 yrs,24761,12711,12050,4917,2529,2388,3394,1703,1691,7476,3837,3639,7346,3842,3504,1628,800,828
2043,157,Fort Bend County,12,12 yrs,24785,12740,12045,5018,2585,2433,3462,1738,1724,7425,3805,3620,7270,3817,3453,1610,795,815
2043,157,Fort Bend County,13,13 yrs,24776,12717,12059,5103,2635,2468,3527,1769,1758,7372,3773,3599,7183,3758,3425,1591,782,809
2043,157,Fort Bend County,14,14 yrs,24733,12713,12020,5173,2675,2498,3586,1801,1785,7313,3736,3577,7092,3730,3362,1569,771,798
2043,157,Fort Bend County,15,15 yrs,24555,12577,11978,5195,2680,2515,3629,1811,1818,7231,3687,3544,6966,3650,3316,1534,749,785
2043,157,Fort Bend County,16,16 yrs,24351,12506,11845,5274,2734,2540,3668,1836,1832,7039,3590,3449,6868,3609,3259,1502,737,765
2043,157,Fort Bend County,17,17 yrs,23875,12244,11631,5272,2742,2530,3651,1824,1827,6814,3475,3339,6697,3500,3197,1441,703,738
2043,157,Fort Bend County,18,18 yrs,22531,11617,10914,4863,2571,2292,3495,1768,1727,6462,3296,3166,6329,3309,3020,1382,673,709
2043,157,Fort Bend County,19,19 yrs,20801,10708,10093,4267,2250,2017,3325,1690,1635,6003,3071,2932,5882,3060,2822,1324,637,687
2043,157,Fort Bend County,20,20 yrs,20441,10542,9899,4249,2261,1988,3365,1714,1651,5850,2985,2865,5688,2963,2725,1289,619,670
2043,157,Fort Bend County,21,21 yrs,20263,10370,9893,4116,2179,1937,3384,1709,1675,5769,2918,2851,5740,2961,2779,1254,603,651
2043,157,Fort Bend County,22,22 yrs,20232,10296,9936,4084,2150,1934,3406,1711,1695,5700,2850,2850,5814,2984,2830,1228,601,627
2043,157,Fort Bend County,23,23 yrs,20402,10315,10087,4190,2187,2003,3414,1710,1704,5637,2797,2840,5957,3035,2922,1204,586,618
2043,157,Fort Bend County,24,24 yrs,20357,10271,10086,4209,2201,2008,3391,1694,1697,5586,2751,2835,5992,3052,2940,1179,573,606
2043,157,Fort Bend County,25,25 yrs,20302,10183,10119,4234,2213,2021,3379,1679,1700,5515,2692,2823,6023,3036,2987,1151,563,588
2043,157,Fort Bend County,26,26 yrs,20572,10302,10270,4297,2244,2053,3340,1661,1679,5598,2718,2880,6206,3122,3084,1131,557,574
2043,157,Fort Bend County,27,27 yrs,20777,10329,10448,4308,2256,2052,3301,1635,1666,5670,2736,2934,6389,3161,3228,1109,541,568
2043,157,Fort Bend County,28,28 yrs,21068,10462,10606,4377,2303,2074,3252,1616,1636,5755,2758,2997,6594,3247,3347,1090,538,552
2043,157,Fort Bend County,29,29 yrs,21275,10476,10799,4373,2290,2083,3201,1587,1614,5828,2776,3052,6806,3296,3510,1067,527,540
2043,157,Fort Bend County,30,30 yrs,21494,10526,10968,4389,2297,2092,3133,1547,1586,5898,2789,3109,7013,3365,3648,1061,528,533
2043,157,Fort Bend County,31,31 yrs,21932,10766,11166,4464,2332,2132,3091,1520,1571,5972,2828,3144,7360,3565,3795,1045,521,524
2043,157,Fort Bend County,32,32 yrs,22342,11022,11320,4530,2375,2155,3060,1506,1554,6037,2855,3182,7682,3764,3918,1033,522,511
2043,157,Fort Bend County,33,33 yrs,24085,12049,12036,5290,2946,2344,3129,1511,1618,6163,2874,3289,8477,4190,4287,1026,528,498
2043,157,Fort Bend County,34,34 yrs,25180,12457,12723,5710,3034,2676,3492,1676,1816,6244,2886,3358,8687,4277,4410,1047,584,463
2043,157,Fort Bend County,35,35 yrs,26134,12992,13142,5618,2954,2664,3529,1719,1810,6248,2989,3259,9750,4830,4920,989,500,489
2043,157,Fort Bend County,36,36 yrs,26973,13308,13665,5855,3067,2788,3727,1785,1942,6490,3026,3464,9850,4898,4952,1051,532,519
2043,157,Fort Bend County,37,37 yrs,27365,13801,13564,6224,3400,2824,3693,1861,1832,6428,3082,3346,10027,4962,5065,993,496,497
2043,157,Fort Bend County,38,38 yrs,27667,13661,14006,6222,3330,2892,3757,1746,2011,6656,3164,3492,9945,4848,5097,1087,573,514
2043,157,Fort Bend County,39,39 yrs,28841,14308,14533,6465,3295,3170,3965,1917,2048,6639,3176,3463,10586,5281,5305,1186,639,547
2043,157,Fort Bend County,40,40 yrs,29105,14545,14560,6363,3211,3152,4043,2065,1978,6833,3184,3649,10822,5559,5263,1044,526,518
2043,157,Fort Bend County,41,41 yrs,28380,14771,13609,6517,3481,3036,3962,1981,1981,6756,3191,3565,10048,5471,4577,1097,647,450
2043,157,Fort Bend County,42,42 yrs,29410,15081,14329,6611,3492,3119,4254,2058,2196,6625,3149,3476,10743,5739,5004,1177,643,534
2043,157,Fort Bend County,43,43 yrs,28734,14664,14070,6887,3768,3119,4250,2101,2149,6580,3158,3422,9861,4999,4862,1156,638,518
2043,157,Fort Bend County,44,44 yrs,28198,14074,14124,6447,3402,3045,4221,2062,2159,6616,3094,3522,9777,4919,4858,1137,597,540
2043,157,Fort Bend County,45,45 yrs,28493,14560,13933,6387,3364,3023,4351,2059,2292,6354,3094,3260,10288,5465,4823,1113,578,535
2043,157,Fort Bend County,46,46 yrs,27861,14337,13524,6655,3550,3105,4203,2110,2093,6016,2917,3099,10004,5218,4786,983,542,441
2043,157,Fort Bend County,47,47 yrs,27762,14420,13342,6661,3541,3120,4260,2083,2177,6075,2948,3127,9782,5296,4486,984,552,432
2043,157,Fort Bend County,48,48 yrs,27521,13998,13523,6384,3345,3039,4182,1972,2210,6061,3002,3059,9871,5098,4773,1023,581,442
2043,157,Fort Bend County,49,49 yrs,27479,13930,13549,6533,3364,3169,4163,2058,2105,6199,2965,3234,9618,5018,4600,966,525,441
2043,157,Fort Bend County,50,50 yrs,27605,14476,13129,6310,3390,2920,4345,2209,2136,6176,3019,3157,9778,5290,4488,996,568,428
2043,157,Fort Bend County,51,51 yrs,24759,12983,11776,5517,2930,2587,3900,1935,1965,5768,2916,2852,8719,4713,4006,855,489,366
2043,157,Fort Bend County,52,52 yrs,21783,11178,10605,3972,2076,1896,3366,1729,1637,5591,2823,2768,8203,4184,4019,651,366,285
2043,157,Fort Bend County,53,53 yrs,20852,10475,10377,3625,1892,1733,2999,1457,1542,5314,2623,2691,8336,4127,4209,578,376,202
2043,157,Fort Bend County,54,54 yrs,19350,10060,9290,3760,1953,1807,2697,1320,1377,4890,2498,2392,7514,3998,3516,489,291,198
2043,157,Fort Bend County,55,55 yrs,18747,9428,9319,4006,2005,2001,2418,1037,1381,4557,2420,2137,7288,3696,3592,478,270,208
2043,157,Fort Bend County,56,56 yrs,18521,9570,8951,4289,2129,2160,2322,1097,1225,4605,2371,2234,6747,3676,3071,558,297,261
2043,157,Fort Bend County,57,57 yrs,18207,9158,9049,4321,2212,2109,2246,1007,1239,4522,2370,2152,6659,3317,3342,459,252,207
2043,157,Fort Bend County,58,58 yrs,18680,9451,9229,4688,2308,2380,2178,967,1211,4405,2182,2223,7007,3757,3250,402,237,165
2043,157,Fort Bend County,59,59 yrs,16935,8197,8738,4210,2047,2163,2050,882,1168,4060,2007,2053,6143,3021,3122,472,240,232
2043,157,Fort Bend County,60,60 yrs,17209,8393,8816,4697,2308,2389,2085,926,1159,4342,2152,2190,5655,2783,2872,430,224,206
2043,157,Fort Bend County,61,61 yrs,16697,8280,8417,4623,2251,2372,2057,880,1177,4156,2139,2017,5396,2780,2616,465,230,235
2043,157,Fort Bend County,62,62 yrs,16437,7938,8499,4785,2343,2442,2135,901,1234,4151,1994,2157,4833,2439,2394,533,261,272
2043,157,Fort Bend County,63,63 yrs,16379,7740,8639,4824,2323,2501,2334,942,1392,3876,1896,1980,4883,2346,2537,462,233,229
2043,157,Fort Bend County,64,64 yrs,15367,7227,8140,4690,2273,2417,2126,821,1305,3674,1786,1888,4374,2106,2268,503,241,262
2043,157,Fort Bend County,65,65 yrs,15242,7224,8018,4661,2256,2405,2091,823,1268,3700,1800,1900,4277,2084,2193,513,261,252
2043,157,Fort Bend County,66,66 yrs,14998,6810,8188,4650,2239,2411,2188,856,1332,3625,1646,1979,4115,1899,2216,420,170,250
2043,157,Fort Bend County,67,67 yrs,14842,6863,7979,4473,2160,2313,2149,814,1335,3631,1684,1947,4089,1924,2165,500,281,219
2043,157,Fort Bend County,68,68 yrs,15596,7119,8477,4944,2332,2612,2260,870,1390,3681,1731,1950,4164,1882,2282,547,304,243
2043,157,Fort Bend County,69,69 yrs,14975,6854,8121,4691,2305,2386,2355,891,1464,3298,1495,1803,4093,1878,2215,538,285,253
2043,157,Fort Bend County,70,70 yrs,15410,7034,8376,4939,2357,2582,2451,926,1525,3413,1544,1869,4111,1967,2144,496,240,256
2043,157,Fort Bend County,71,71 yrs,15679,7011,8668,5387,2531,2856,2497,938,1559,3332,1482,1850,3971,1798,2173,492,262,230
2043,157,Fort Bend County,72,72 yrs,15847,7242,8605,5720,2744,2976,2547,961,1586,3222,1470,1752,3856,1786,2070,502,281,221
2043,157,Fort Bend County,73,73 yrs,15207,6759,8448,5692,2661,3031,2300,824,1476,3136,1403,1733,3607,1624,1983,472,247,225
2043,157,Fort Bend County,74,74 yrs,14105,6288,7817,5192,2394,2798,2163,814,1349,2810,1268,1542,3458,1572,1886,482,240,242
2043,157,Fort Bend County,75,75 yrs,13254,5939,7315,5032,2463,2569,2073,769,1304,2683,1156,1527,3091,1403,1688,375,148,227
2043,157,Fort Bend County,76,76 yrs,13102,5961,7141,5050,2425,2625,1976,737,1239,2484,1105,1379,3208,1511,1697,384,183,201
2043,157,Fort Bend County,77,77 yrs,12901,5787,7114,4869,2284,2585,1946,724,1222,2497,1092,1405,3206,1508,1698,383,179,204
2043,157,Fort Bend County,78,78 yrs,12644,5669,6975,5133,2443,2690,1926,677,1249,2306,1010,1296,2854,1351,1503,425,188,237
2043,157,Fort Bend County,79,79 yrs,12429,5323,7106,4988,2200,2788,1889,630,1259,2148,896,1252,3015,1418,1597,389,179,210
2043,157,Fort Bend County,80,80 yrs,12280,5440,6840,5161,2456,2705,1786,625,1161,1976,826,1150,2976,1352,1624,381,181,200
2043,157,Fort Bend County,81,81 yrs,11350,4937,6413,5030,2291,2739,1624,560,1064,1808,766,1042,2497,1158,1339,391,162,229
2043,157,Fort Bend County,82,82 yrs,11161,4672,6489,4889,2148,2741,1626,570,1056,1684,672,1012,2614,1151,1463,348,131,217
2043,157,Fort Bend County,83,83 yrs,11022,4809,6213,5012,2316,2696,1549,550,999,1612,674,938,2545,1129,1416,304,140,164
2043,157,Fort Bend County,84,84 yrs,10331,4381,5950,4864,2157,2707,1403,462,941,1476,590,886,2320,1052,1268,268,120,148
2043,157,Fort Bend County,85,85 yrs,9592,4120,5472,4486,2063,2423,1323,421,902,1379,515,864,2166,1008,1158,238,113,125
2043,157,Fort Bend County,86,86 yrs,8684,3708,4976,4095,1871,2224,1161,372,789,1228,458,770,1973,924,1049,227,83,144
2043,157,Fort Bend County,87,87 yrs,7745,3331,4414,3447,1569,1878,1030,337,693,1120,428,692,1930,904,1026,218,93,125
2043,157,Fort Bend County,88,88 yrs,6713,2747,3966,2994,1289,1705,952,300,652,960,325,635,1637,769,868,170,64,106
2043,157,Fort Bend County,89,89 yrs,5555,2289,3266,2466,1079,1387,755,213,542,825,270,555,1396,683,713,113,44,69
2043,157,Fort Bend County,90,90 yrs,4921,1987,2934,2131,892,1239,652,187,465,693,237,456,1338,635,703,107,36,71
2043,157,Fort Bend County,91,91 yrs,4043,1572,2471,1780,766,1014,555,133,422,597,200,397,1021,448,573,90,25,65
2043,157,Fort Bend County,92,92 yrs,3241,1257,1984,1354,550,804,412,118,294,459,151,308,958,421,537,58,17,41
2043,157,Fort Bend County,93,93 yrs,2704,1047,1657,1098,440,658,347,98,249,406,131,275,806,366,440,47,12,35
2043,157,Fort Bend County,94,94 yrs,2010,756,1254,817,317,500,270,67,203,302,95,207,593,268,325,28,9,19
2043,157,Fort Bend County,95,95+ yrs,5257,1908,3349,1945,698,1247,565,140,425,922,256,666,1773,800,973,52,14,38
2044,157,Fort Bend County,-1,All Ages,1889821,934943,954878,458842,231026,227816,268465,125032,143433,475442,231244,244198,599004,302999,296005,88068,44642,43426
2044,157,Fort Bend County,0,< 1 yr,22262,11345,10917,4034,2057,1977,3093,1576,1517,7341,3744,3597,5912,3010,2902,1882,958,924
2044,157,Fort Bend County,1,1 yr,22492,11485,11007,4077,2080,1997,3077,1567,1510,7360,3752,3608,6128,3145,2983,1850,941,909
2044,157,Fort Bend County,2,2 yrs,22857,11671,11186,4151,2119,2032,3088,1568,1520,7410,3778,3632,6375,3279,3096,1833,927,906
2044,157,Fort Bend County,3,3 yrs,23255,11903,11352,4235,2164,2071,3103,1577,1526,7462,3804,3658,6639,3440,3199,1816,918,898
2044,157,Fort Bend County,4,4 yrs,23679,12123,11556,4323,2211,2112,3123,1582,1541,7520,3833,3687,6912,3591,3321,1801,906,895
2044,157,Fort Bend County,5,5 yrs,24124,12382,11742,4417,2261,2156,3146,1595,1551,7583,3865,3718,7189,3761,3428,1789,900,889
2044,157,Fort Bend County,6,6 yrs,24352,12488,11864,4511,2311,2200,3174,1604,1570,7600,3880,3720,7294,3807,3487,1773,886,887
2044,157,Fort Bend County,7,7 yrs,24587,12628,11959,4605,2360,2245,3208,1621,1587,7620,3896,3724,7399,3873,3526,1755,878,877
2044,157,Fort Bend County,8,8 yrs,24820,12733,12087,4696,2408,2288,3244,1634,1610,7645,3913,3732,7495,3915,3580,1740,863,877
2044,157,Fort Bend County,9,9 yrs,25042,12867,12175,4779,2452,2327,3287,1655,1632,7664,3930,3734,7590,3976,3614,1722,854,868
2044,157,Fort Bend County,10,10 yrs,25269,12974,12295,4849,2490,2359,3337,1676,1661,7689,3950,3739,7689,4019,3670,1705,839,866
2044,157,Fort Bend County,11,11 yrs,25316,13009,12307,4970,2555,2415,3399,1707,1692,7642,3919,3723,7616,3994,3622,1689,834,855
2044,157,Fort Bend County,12,12 yrs,25373,13027,12346,5085,2620,2465,3468,1739,1729,7600,3896,3704,7544,3949,3595,1676,823,853
2044,157,Fort Bend County,13,13 yrs,25392,13055,12337,5188,2678,2510,3535,1774,1761,7546,3862,3684,7465,3923,3542,1658,818,840
2044,157,Fort Bend County,14,14 yrs,25381,13029,12352,5274,2728,2546,3602,1806,1796,7492,3829,3663,7375,3862,3513,1638,804,834
2044,157,Fort Bend County,15,15 yrs,25273,12971,12302,5317,2745,2572,3652,1828,1824,7424,3785,3639,7271,3825,3446,1609,788,821
2044,157,Fort Bend County,16,16 yrs,25090,12863,12227,5418,2808,2610,3704,1851,1853,7224,3683,3541,7166,3750,3416,1578,771,807
2044,157,Fort Bend County,17,17 yrs,24684,12675,12009,5433,2822,2611,3702,1853,1849,7010,3574,3436,7017,3680,3337,1522,746,776
2044,157,Fort Bend County,18,18 yrs,23342,12025,11317,5022,2658,2364,3548,1792,1756,6651,3395,3256,6658,3472,3186,1463,708,755
2044,157,Fort Bend County,19,19 yrs,21651,11157,10494,4428,2333,2095,3396,1726,1670,6194,3165,3029,6225,3249,2976,1408,684,724
2044,157,Fort Bend County,20,20 yrs,21305,10971,10334,4420,2349,2071,3436,1749,1687,6041,3083,2958,6036,3136,2900,1372,654,718
2044,157,Fort Bend County,21,21 yrs,21153,10846,10307,4286,2271,2015,3466,1752,1714,5970,3020,2950,6089,3154,2935,1342,649,693
2044,157,Fort Bend County,22,22 yrs,21124,10727,10397,4238,2226,2012,3495,1753,1742,5896,2949,2947,6186,3163,3023,1309,636,673
2044,157,Fort Bend County,23,23 yrs,21292,10786,10506,4349,2273,2076,3511,1759,1752,5833,2892,2941,6318,3235,3083,1281,627,654
2044,157,Fort Bend County,24,24 yrs,21256,10715,10541,4347,2270,2077,3494,1744,1750,5783,2847,2936,6376,3243,3133,1256,611,645
2044,157,Fort Bend County,25,25 yrs,21192,10645,10547,4368,2286,2082,3486,1735,1751,5704,2787,2917,6407,3238,3169,1227,599,628
2044,157,Fort Bend County,26,26 yrs,21454,10727,10727,4400,2298,2102,3455,1715,1740,5786,2807,2979,6610,3318,3292,1203,589,614
2044,157,Fort Bend County,27,27 yrs,21656,10788,10868,4408,2309,2099,3414,1694,1720,5861,2827,3034,6794,3374,3420,1179,584,595
2044,157,Fort Bend County,28,28 yrs,21943,10874,11069,4467,2348,2119,3363,1668,1695,5940,2850,3090,7017,3442,3575,1156,566,590
2044,157,Fort Bend County,29,29 yrs,22148,10920,11228,4460,2339,2121,3317,1644,1673,6014,2862,3152,7223,3514,3709,1134,561,573
2044,157,Fort Bend County,30,30 yrs,22339,10912,11427,4481,2342,2139,3255,1608,1647,6095,2883,3212,7395,3527,3868,1113,552,561
2044,157,Fort Bend County,31,31 yrs,22756,11193,11563,4529,2372,2157,3198,1574,1624,6169,2918,3251,7751,3773,3978,1109,556,553
2044,157,Fort Bend County,32,32 yrs,23116,11375,11741,4582,2397,2185,3147,1548,1599,6236,2952,3284,8064,3932,4132,1087,546,541
2044,157,Fort Bend County,33,33 yrs,23563,11659,11904,4647,2438,2209,3118,1533,1585,6295,2973,3322,8425,4169,4256,1078,546,532
2044,157,Fort Bend County,34,34 yrs,25335,12700,12635,5414,3014,2400,3185,1538,1647,6423,2995,3428,9244,4599,4645,1069,554,515
2044,157,Fort Bend County,35,35 yrs,26459,13114,13345,5844,3109,2735,3550,1698,1852,6511,3008,3503,9467,4691,4776,1087,608,479
2044,157,Fort Bend County,36,36 yrs,27094,13513,13581,5747,3024,2723,3585,1745,1840,6433,3082,3351,10296,5135,5161,1033,527,506
2044,157,Fort Bend County,37,37 yrs,27950,13828,14122,5986,3137,2849,3784,1812,1972,6685,3120,3565,10402,5204,5198,1093,555,538
2044,157,Fort Bend County,38,38 yrs,28333,14323,14010,6359,3477,2882,3744,1884,1860,6614,3174,3440,10583,5269,5314,1033,519,514
2044,157,Fort Bend County,39,39 yrs,28642,14182,14460,6353,3403,2950,3809,1769,2040,6851,3262,3589,10497,5147,5350,1132,601,531
2044,157,Fort Bend County,40,40 yrs,29882,14872,15010,6615,3377,3238,4027,1946,2081,6836,3273,3563,11172,5608,5564,1232,668,564
2044,157,Fort Bend County,41,41 yrs,29751,14913,14838,6503,3284,3219,4092,2087,2005,6929,3238,3691,11144,5756,5388,1083,548,535
2044,157,Fort Bend County,42,42 yrs,28995,15137,13858,6656,3558,3098,4000,1997,2003,6853,3246,3607,10347,5662,4685,1139,674,465
2044,157,Fort Bend County,43,43 yrs,30045,15455,14590,6752,3568,3184,4295,2076,2219,6716,3200,3516,11061,5941,5120,1221,670,551
2044,157,Fort Bend County,44,44 yrs,29334,15008,14326,7027,3846,3181,4289,2117,2172,6675,3212,3463,10147,5170,4977,1196,663,533
2044,157,Fort Bend County,45,45 yrs,28822,14437,14385,6594,3488,3106,4270,2086,2184,6713,3148,3565,10068,5094,4974,1177,621,556
2044,157,Fort Bend County,46,46 yrs,28943,14786,14157,6506,3425,3081,4381,2067,2314,6420,3128,3292,10483,5565,4918,1153,601,552
2044,157,Fort Bend County,47,47 yrs,28320,14576,13744,6787,3621,3166,4241,2127,2114,6080,2950,3130,10196,5316,4880,1016,562,454
2044,157,Fort Bend County,48,48 yrs,28213,14658,13555,6789,3609,3180,4290,2094,2196,6140,2983,3157,9972,5396,4576,1022,576,446
2044,157,Fort Bend County,49,49 yrs,27955,14217,13738,6504,3406,3098,4210,1981,2229,6122,3034,3088,10061,5194,4867,1058,602,456
2044,157,Fort Bend County,50,50 yrs,27928,14167,13761,6671,3440,3231,4192,2069,2123,6265,3000,3265,9798,5110,4688,1002,548,454
2044,157,Fort Bend County,51,51 yrs,27954,14649,13305,6424,3452,2972,4365,2211,2154,6201,3027,3174,9933,5367,4566,1031,592,439
2044,157,Fort Bend County,52,52 yrs,25059,13127,11932,5615,2983,2632,3919,1938,1981,5788,2920,2868,8855,4779,4076,882,507,375
2044,157,Fort Bend County,53,53 yrs,22036,11291,10745,4042,2114,1928,3380,1731,1649,5609,2826,2783,8334,4241,4093,671,379,292
2044,157,Fort Bend County,54,54 yrs,21091,10581,10510,3683,1921,1762,3013,1460,1553,5331,2626,2705,8465,4182,4283,599,392,207
2044,157,Fort Bend County,55,55 yrs,19621,10176,9445,3852,1994,1858,2713,1321,1392,4913,2505,2408,7634,4051,3583,509,305,204
2044,157,Fort Bend County,56,56 yrs,19010,9542,9468,4078,2040,2038,2423,1034,1389,4593,2439,2154,7421,3748,3673,495,281,214
2044,157,Fort Bend County,57,57 yrs,18773,9683,9090,4363,2164,2199,2327,1095,1232,4640,2389,2251,6867,3727,3140,576,308,268
2044,157,Fort Bend County,58,58 yrs,18455,9264,9191,4397,2250,2147,2248,1002,1246,4555,2388,2167,6781,3363,3418,474,261,213
2044,157,Fort Bend County,59,59 yrs,18917,9552,9365,4763,2342,2421,2178,963,1215,4433,2195,2238,7129,3807,3322,414,245,169
2044,157,Fort Bend County,60,60 yrs,17161,8293,8868,4282,2082,2200,2050,878,1172,4085,2019,2066,6256,3064,3192,488,250,238
2044,157,Fort Bend County,61,61 yrs,17483,8508,8975,4773,2343,2430,2081,919,1162,4383,2155,2228,5804,2861,2943,442,230,212
2044,157,Fort Bend County,62,62 yrs,16957,8393,8564,4695,2284,2411,2053,872,1181,4193,2141,2052,5538,2859,2679,478,237,241
2044,157,Fort Bend County,63,63 yrs,16672,8034,8638,4856,2375,2481,2126,891,1235,4190,1997,2193,4953,2504,2449,547,267,280
2044,157,Fort Bend County,64,64 yrs,16601,7829,8772,4891,2352,2539,2323,932,1391,3906,1896,2010,5006,2409,2597,475,240,235
2044,157,Fort Bend County,65,65 yrs,15562,7304,8258,4749,2298,2451,2112,809,1303,3699,1783,1916,4484,2165,2319,518,249,269
2044,157,Fort Bend County,66,66 yrs,15438,7307,8131,4723,2284,2439,2091,819,1272,3739,1813,1926,4350,2120,2230,535,271,264
2044,157,Fort Bend County,67,67 yrs,15161,6867,8294,4709,2265,2444,2183,849,1334,3661,1654,2007,4170,1923,2247,438,176,262
2044,157,Fort Bend County,68,68 yrs,14981,6914,8067,4522,2181,2341,2144,808,1336,3664,1692,1972,4131,1942,2189,520,291,229
2044,157,Fort Bend County,69,69 yrs,15716,7155,8561,4992,2351,2641,2250,861,1389,3707,1734,1973,4201,1896,2305,566,313,253
2044,157,Fort Bend County,70,70 yrs,15076,6882,8194,4733,2321,2412,2343,882,1461,3319,1497,1822,4125,1889,2236,556,293,263
2044,157,Fort Bend County,71,71 yrs,15517,7065,8452,4972,2367,2605,2432,912,1520,3422,1541,1881,4178,1999,2179,513,246,267
2044,157,Fort Bend County,72,72 yrs,15754,7020,8734,5414,2537,2877,2473,920,1553,3337,1477,1860,4023,1817,2206,507,269,238
2044,157,Fort Bend County,73,73 yrs,15883,7231,8652,5741,2747,2994,2515,941,1574,3218,1459,1759,3894,1797,2097,515,287,228
2044,157,Fort Bend County,74,74 yrs,15223,6732,8491,5701,2656,3045,2270,805,1465,3129,1391,1738,3639,1628,2011,484,252,232
2044,157,Fort Bend County,75,75 yrs,14084,6247,7837,5190,2384,2806,2129,793,1336,2795,1254,1541,3478,1573,1905,492,243,249
2044,157,Fort Bend County,76,76 yrs,13272,5929,7343,5049,2466,2583,2045,751,1294,2643,1135,1508,3151,1427,1724,384,150,234
2044,157,Fort Bend County,77,77 yrs,13080,5930,7150,5052,2420,2632,1942,715,1227,2438,1082,1356,3257,1528,1729,391,185,206
2044,157,Fort Bend County,78,78 yrs,12830,5731,7099,4854,2269,2585,1911,702,1209,2445,1064,1381,3231,1515,1716,389,181,208
2044,157,Fort Bend County,79,79 yrs,12534,5590,6944,5102,2420,2682,1882,656,1226,2248,979,1269,2873,1347,1526,429,188,241
2044,157,Fort Bend County,80,80 yrs,12278,5232,7046,4936,2167,2769,1838,605,1233,2083,864,1219,3028,1417,1611,393,179,214
2044,157,Fort Bend County,81,81 yrs,12055,5314,6741,5025,2376,2649,1711,589,1122,1957,805,1152,2983,1365,1618,379,179,200
2044,157,Fort Bend County,82,82 yrs,11065,4782,6283,4866,2200,2666,1550,525,1025,1782,742,1040,2480,1157,1323,387,158,229
2044,157,Fort Bend County,83,83 yrs,10841,4504,6337,4707,2051,2656,1545,532,1013,1651,647,1004,2594,1146,1448,344,128,216
2044,157,Fort Bend County,84,84 yrs,10646,4605,6041,4795,2197,2598,1464,509,955,1570,641,929,2518,1122,1396,299,136,163
2044,157,Fort Bend County,85,85 yrs,9909,4164,5745,4623,2030,2593,1318,424,894,1428,559,869,2279,1036,1243,261,115,146
2044,157,Fort Bend County,86,86 yrs,9078,3860,5218,4226,1924,2302,1225,383,842,1325,484,841,2084,968,1116,218,101,117
2044,157,Fort Bend County,87,87 yrs,8155,3442,4713,3820,1724,2096,1069,335,734,1169,427,742,1887,880,1007,210,76,134
2044,157,Fort Bend County,88,88 yrs,7186,3054,4132,3178,1427,1751,938,300,638,1054,395,659,1818,849,969,198,83,115
2044,157,Fort Bend County,89,89 yrs,6168,2485,3683,2728,1158,1570,856,261,595,897,296,601,1535,715,820,152,55,97
2044,157,Fort Bend County,90,90 yrs,5047,2051,2996,2217,954,1263,677,186,491,759,242,517,1294,630,664,100,39,61
2044,157,Fort Bend County,91,91 yrs,4419,1758,2661,1882,773,1109,576,159,417,627,210,417,1242,587,655,92,29,63
2044,157,Fort Bend County,92,92 yrs,3562,1360,2202,1545,651,894,483,113,370,533,174,359,928,403,525,73,19,54
2044,157,Fort Bend County,93,93 yrs,2818,1069,1749,1151,455,696,356,100,256,402,129,273,860,371,489,49,14,35
2044,157,Fort Bend County,94,94 yrs,2288,869,1419,910,353,557,289,78,211,351,110,241,703,320,383,35,8,27
2044,157,Fort Bend County,95,95+ yrs,5866,2134,3732,2115,760,1355,664,163,501,1004,285,719,2022,910,1112,61,16,45
2045,157,Fort Bend County,-1,All Ages,1948127,964376,983751,466190,234910,231280,272654,127064,145590,489741,238061,251680,626959,317354,309605,92583,46987,45596
2045,157,Fort Bend County,0,< 1 yr,22865,11667,11198,4078,2080,1998,3147,1606,1541,7534,3843,3691,6148,3139,3009,1958,999,959
2045,157,Fort Bend County,1,1 yr,23079,11772,11307,4112,2098,2014,3127,1590,1537,7551,3850,3701,6366,3258,3108,1923,976,947
2045,157,Fort Bend County,2,2 yrs,23418,11971,11447,4174,2131,2043,3136,1595,1541,7597,3873,3724,6611,3409,3202,1900,963,937
2045,157,Fort Bend County,3,3 yrs,23798,12168,11630,4249,2171,2078,3145,1595,1550,7648,3899,3749,6874,3553,3321,1882,950,932
2045,157,Fort Bend County,4,4 yrs,24215,12411,11804,4334,2216,2118,3160,1604,1556,7702,3926,3776,7155,3725,3430,1864,940,924
2045,157,Fort Bend County,5,5 yrs,24661,12643,12018,4424,2265,2159,3181,1609,1572,7760,3955,3805,7445,3885,3560,1851,929,922
2045,157,Fort Bend County,6,6 yrs,24876,12772,12104,4520,2315,2205,3203,1622,1581,7775,3968,3807,7544,3948,3596,1834,919,915
2045,157,Fort Bend County,7,7 yrs,25111,12883,12228,4616,2366,2250,3231,1630,1601,7792,3984,3808,7654,3997,3657,1818,906,912
2045,157,Fort Bend County,8,8 yrs,25352,13027,12325,4712,2417,2295,3265,1647,1618,7812,4000,3812,7762,4065,3697,1801,898,903
2045,157,Fort Bend County,9,9 yrs,25589,13135,12454,4805,2466,2339,3302,1661,1641,7836,4017,3819,7863,4110,3753,1783,881,902
2045,157,Fort Bend County,10,10 yrs,25818,13270,12548,4888,2509,2379,3347,1682,1665,7856,4034,3822,7962,4173,3789,1765,872,893
2045,157,Fort Bend County,11,11 yrs,25890,13295,12595,5015,2580,2435,3407,1710,1697,7815,4010,3805,7897,4131,3766,1756,864,892
2045,157,Fort Bend County,12,12 yrs,25937,13331,12606,5139,2647,2492,3471,1742,1729,7767,3978,3789,7820,4105,3715,1740,859,881
2045,157,Fort Bend County,13,13 yrs,25986,13344,12642,5255,2713,2542,3539,1774,1765,7722,3953,3769,7745,4058,3687,1725,846,879
2045,157,Fort Bend County,14,14 yrs,26006,13372,12634,5360,2771,2589,3609,1810,1799,7667,3919,3748,7664,4031,3633,1706,841,865
2045,157,Fort Bend County,15,15 yrs,25933,13294,12639,5419,2799,2620,3668,1832,1836,7606,3880,3726,7561,3961,3600,1679,822,857
2045,157,Fort Bend County,16,16 yrs,25818,13262,12556,5544,2875,2669,3726,1868,1858,7415,3780,3635,7479,3929,3550,1654,810,844
2045,157,Fort Bend County,17,17 yrs,25438,13041,12397,5581,2899,2682,3738,1868,1870,7194,3667,3527,7324,3825,3499,1601,782,819
2045,157,Fort Bend County,18,18 yrs,24155,12458,11697,5175,2735,2440,3601,1822,1779,6845,3493,3352,6988,3656,3332,1546,752,794
2045,157,Fort Bend County,19,19 yrs,22463,11569,10894,4577,2415,2162,3451,1752,1699,6379,3262,3117,6566,3420,3146,1490,720,770
2045,157,Fort Bend County,20,20 yrs,22175,11431,10744,4586,2435,2151,3508,1786,1722,6232,3177,3055,6390,3331,3059,1459,702,757
2045,157,Fort Bend County,21,21 yrs,22042,11287,10755,4459,2359,2100,3538,1788,1750,6162,3118,3044,6456,3337,3119,1427,685,742
2045,157,Fort Bend County,22,22 yrs,22045,11217,10828,4414,2320,2094,3577,1796,1781,6100,3052,3048,6554,3365,3189,1400,684,716
2045,157,Fort Bend County,23,23 yrs,22226,11235,10991,4513,2353,2160,3603,1802,1801,6032,2992,3040,6713,3425,3288,1365,663,702
2045,157,Fort Bend County,24,24 yrs,22177,11198,10979,4511,2357,2154,3594,1794,1800,5981,2943,3038,6756,3451,3305,1335,653,682
2045,157,Fort Bend County,25,25 yrs,22123,11104,11019,4510,2357,2153,3592,1787,1805,5902,2883,3019,6813,3439,3374,1306,638,668
2045,157,Fort Bend County,26,26 yrs,22398,11216,11182,4540,2374,2166,3566,1774,1792,5982,2905,3077,7028,3536,3492,1282,627,655
2045,157,Fort Bend County,27,27 yrs,22587,11232,11355,4513,2363,2150,3530,1748,1782,6056,2919,3137,7236,3586,3650,1252,616,636
2045,157,Fort Bend County,28,28 yrs,22873,11355,11518,4570,2402,2168,3479,1728,1751,6138,2943,3195,7458,3671,3787,1228,611,617
2045,157,Fort Bend County,29,29 yrs,23077,11355,11722,4552,2384,2168,3432,1698,1734,6207,2957,3250,7683,3725,3958,1203,591,612
2045,157,Fort Bend County,30,30 yrs,23258,11375,11883,4571,2393,2178,3372,1665,1707,6287,2971,3316,7846,3760,4086,1182,586,596
2045,157,Fort Bend County,31,31 yrs,23648,11601,12047,4624,2418,2206,3320,1635,1685,6372,3015,3357,8170,3953,4217,1162,580,582
2045,157,Fort Bend County,32,32 yrs,23988,11828,12160,4648,2438,2210,3254,1602,1652,6440,3045,3395,8492,4161,4331,1154,582,572
2045,157,Fort Bend County,33,33 yrs,24383,12036,12347,4699,2461,2238,3206,1575,1631,6501,3073,3428,8844,4356,4488,1133,571,562
2045,157,Fort Bend County,34,34 yrs,24819,12317,12502,4763,2498,2265,3169,1558,1611,6559,3098,3461,9206,4590,4616,1122,573,549
2045,157,Fort Bend County,35,35 yrs,26660,13387,13273,5542,3089,2453,3236,1557,1679,6698,3122,3576,10074,5041,5033,1110,578,532
2045,157,Fort Bend County,36,36 yrs,27418,13634,13784,5977,3183,2794,3606,1724,1882,6701,3100,3601,9997,4986,5011,1137,641,496
2045,157,Fort Bend County,37,37 yrs,28085,14046,14039,5875,3093,2782,3637,1769,1868,6625,3177,3448,10873,5457,5416,1075,550,525
2045,157,Fort Bend County,38,38 yrs,28950,14364,14586,6115,3208,2907,3837,1836,2001,6879,3214,3665,10981,5525,5456,1138,581,557
2045,157,Fort Bend County,39,39 yrs,29339,14872,14467,6493,3553,2940,3794,1908,1886,6808,3273,3535,11169,5594,5575,1075,544,531
2045,157,Fort Bend County,40,40 yrs,29677,14737,14940,6502,3488,3014,3869,1795,2074,7052,3361,3691,11076,5464,5612,1178,629,549
2045,157,Fort Bend County,41,41 yrs,30551,15253,15298,6762,3455,3307,4073,1966,2107,6933,3329,3604,11504,5807,5697,1279,696,583
2045,157,Fort Bend County,42,42 yrs,30395,15282,15113,6642,3357,3285,4131,2104,2027,7027,3293,3734,11473,5958,5515,1122,570,552
2045,157,Fort Bend County,43,43 yrs,29619,15512,14107,6796,3634,3162,4039,2016,2023,6947,3299,3648,10655,5861,4794,1182,702,480
2045,157,Fort Bend County,44,44 yrs,30683,15828,14855,6889,3642,3247,4336,2091,2245,6812,3255,3557,11384,6145,5239,1262,695,567
2045,157,Fort Bend County,45,45 yrs,29982,15394,14588,7187,3943,3244,4336,2140,2196,6772,3268,3504,10448,5353,5095,1239,690,549
2045,157,Fort Bend County,46,46 yrs,29276,14663,14613,6717,3552,3165,4297,2094,2203,6781,3182,3599,10262,5190,5072,1219,645,574
2045,157,Fort Bend County,47,47 yrs,29420,15034,14386,6636,3495,3141,4421,2083,2338,6486,3163,3323,10684,5669,5015,1193,624,569
2045,157,Fort Bend County,48,48 yrs,28773,14811,13962,6918,3691,3227,4269,2137,2132,6142,2983,3159,10389,5414,4975,1055,586,469
2045,157,Fort Bend County,49,49 yrs,28652,14884,13768,6916,3676,3240,4317,2103,2214,6200,3013,3187,10162,5495,4667,1057,597,460
2045,157,Fort Bend County,50,50 yrs,28422,14463,13959,6642,3483,3159,4239,1990,2249,6187,3070,3117,10255,5292,4963,1099,628,471
2045,157,Fort Bend County,51,51 yrs,28275,14334,13941,6791,3504,3287,4211,2071,2140,6290,3008,3282,9946,5180,4766,1037,571,466
2045,157,Fort Bend County,52,52 yrs,28293,14814,13479,6537,3514,3023,4385,2214,2171,6220,3030,3190,10086,5441,4645,1065,615,450
2045,157,Fort Bend County,53,53 yrs,25358,13271,12087,5713,3036,2677,3935,1939,1996,5806,2923,2883,8993,4847,4146,911,526,385
2045,157,Fort Bend County,54,54 yrs,22289,11403,10886,4107,2147,1960,3396,1735,1661,5625,2828,2797,8466,4298,4168,695,395,300
2045,157,Fort Bend County,55,55 yrs,21387,10708,10679,3771,1961,1810,3030,1461,1569,5358,2634,2724,8603,4241,4362,625,411,214
2045,157,Fort Bend County,56,56 yrs,19887,10293,9594,3921,2029,1892,2717,1318,1399,4953,2525,2428,7770,4105,3665,526,316,210
2045,157,Fort Bend County,57,57 yrs,19265,9650,9615,4146,2072,2074,2428,1031,1397,4627,2457,2170,7552,3798,3754,512,292,220
2045,157,Fort Bend County,58,58 yrs,19023,9795,9228,4438,2201,2237,2328,1089,1239,4675,2408,2267,6989,3779,3210,593,318,275
2045,157,Fort Bend County,59,59 yrs,18695,9361,9334,4469,2284,2185,2252,999,1253,4583,2402,2181,6902,3406,3496,489,270,219
2045,157,Fort Bend County,60,60 yrs,19168,9664,9504,4843,2381,2462,2178,958,1220,4461,2209,2252,7258,3861,3397,428,255,173
2045,157,Fort Bend County,61,61 yrs,17446,8414,9032,4351,2114,2237,2046,870,1176,4126,2023,2103,6422,3151,3271,501,256,245
2045,157,Fort Bend County,62,62 yrs,17760,8623,9137,4848,2377,2471,2076,911,1165,4424,2157,2267,5957,2941,3016,455,237,218
2045,157,Fort Bend County,63,63 yrs,17209,8502,8707,4766,2316,2450,2045,863,1182,4230,2144,2086,5677,2936,2741,491,243,248
2045,157,Fort Bend County,64,64 yrs,16905,8128,8777,4924,2404,2520,2117,882,1235,4224,1996,2228,5077,2571,2506,563,275,288
2045,157,Fort Bend County,65,65 yrs,16816,7910,8906,4954,2378,2576,2308,918,1390,3933,1892,2041,5132,2475,2657,489,247,242
2045,157,Fort Bend County,66,66 yrs,15766,7390,8376,4815,2328,2487,2112,805,1307,3739,1797,1942,4560,2202,2358,540,258,282
2045,157,Fort Bend County,67,67 yrs,15615,7380,8235,4783,2311,2472,2088,814,1274,3776,1824,1952,4411,2150,2261,557,281,276
2045,157,Fort Bend County,68,68 yrs,15302,6916,8386,4762,2288,2474,2178,842,1336,3694,1663,2031,4212,1941,2271,456,182,274
2045,157,Fort Bend County,69,69 yrs,15099,6950,8149,4567,2199,2368,2135,799,1336,3690,1695,1995,4169,1957,2212,538,300,238
2045,157,Fort Bend County,70,70 yrs,15824,7185,8639,5036,2367,2669,2238,852,1386,3731,1737,1994,4234,1907,2327,585,322,263
2045,157,Fort Bend County,71,71 yrs,15186,6915,8271,4764,2331,2433,2325,869,1456,3327,1493,1834,4195,1921,2274,575,301,274
2045,157,Fort Bend County,72,72 yrs,15592,7073,8519,4997,2373,2624,2408,895,1513,3427,1535,1892,4230,2017,2213,530,253,277
2045,157,Fort Bend County,73,73 yrs,15792,7007,8785,5434,2539,2895,2441,900,1541,3334,1466,1868,4061,1827,2234,522,275,247
2045,157,Fort Bend County,74,74 yrs,15896,7200,8696,5749,2741,3008,2481,920,1561,3211,1446,1765,3927,1802,2125,528,291,237
2045,157,Fort Bend County,75,75 yrs,15199,6688,8511,5698,2645,3053,2233,783,1450,3112,1375,1737,3661,1629,2032,495,256,239
2045,157,Fort Bend County,76,76 yrs,14111,6238,7873,5208,2387,2821,2100,774,1326,2753,1231,1522,3547,1599,1948,503,247,256
2045,157,Fort Bend County,77,77 yrs,13247,5897,7350,5051,2461,2590,2009,729,1280,2596,1112,1484,3198,1442,1756,393,153,240
2045,157,Fort Bend County,78,78 yrs,13015,5877,7138,5037,2404,2633,1906,693,1213,2388,1055,1333,3286,1538,1748,398,187,211
2045,157,Fort Bend County,79,79 yrs,12719,5649,7070,4825,2248,2577,1866,679,1187,2383,1032,1351,3252,1509,1743,393,181,212
2045,157,Fort Bend County,80,80 yrs,12374,5490,6884,5048,2384,2664,1831,629,1202,2179,944,1235,2885,1346,1539,431,187,244
2045,157,Fort Bend County,81,81 yrs,12065,5119,6946,4809,2097,2712,1763,571,1192,2063,842,1221,3037,1432,1605,393,177,216
2045,157,Fort Bend County,82,82 yrs,11762,5154,6608,4861,2282,2579,1632,552,1080,1931,781,1150,2961,1363,1598,377,176,201
2045,157,Fort Bend County,83,83 yrs,10748,4613,6135,4685,2102,2583,1473,490,983,1747,715,1032,2461,1152,1309,382,154,228
2045,157,Fort Bend County,84,84 yrs,10481,4318,6163,4507,1946,2561,1461,493,968,1611,617,994,2564,1138,1426,338,124,214
2045,157,Fort Bend County,85,85 yrs,10212,4377,5835,4556,2067,2489,1374,467,907,1518,608,910,2473,1104,1369,291,131,160
2045,157,Fort Bend County,86,86 yrs,9389,3907,5482,4359,1894,2465,1222,387,835,1372,526,846,2195,996,1199,241,104,137
2045,157,Fort Bend County,87,87 yrs,8526,3581,4945,3943,1773,2170,1129,345,784,1260,450,810,1994,922,1072,200,91,109
2045,157,Fort Bend County,88,88 yrs,7570,3157,4413,3522,1568,1954,977,300,677,1102,394,708,1778,827,951,191,68,123
2045,157,Fort Bend County,89,89 yrs,6604,2766,3838,2897,1284,1613,843,262,581,983,360,623,1707,790,917,174,70,104
2045,157,Fort Bend County,90,90 yrs,5612,2228,3384,2456,1025,1431,769,229,540,826,266,560,1427,660,767,134,48,86
2045,157,Fort Bend County,91,91 yrs,4535,1815,2720,1959,827,1132,600,159,441,689,216,473,1202,582,620,85,31,54
2045,157,Fort Bend County,92,92 yrs,3900,1526,2374,1636,659,977,502,135,367,561,183,378,1126,527,599,75,22,53
2045,157,Fort Bend County,93,93 yrs,3098,1155,1943,1313,539,774,421,96,325,468,149,319,833,355,478,63,16,47
2045,157,Fort Bend County,94,94 yrs,2386,888,1498,954,365,589,296,79,217,348,109,239,751,325,426,37,10,27
2045,157,Fort Bend County,95,95+ yrs,6597,2411,4186,2321,836,1485,758,189,569,1113,320,793,2333,1049,1284,72,17,55
2046,157,Fort Bend County,-1,All Ages,2008179,994748,1013431,473568,238837,234731,276842,129106,147736,504315,245006,259309,656144,332359,323785,97310,49440,47870
2046,157,Fort Bend County,0,< 1 yr,23524,11987,11537,4136,2109,2027,3202,1631,1571,7734,3944,3790,6410,3264,3146,2042,1039,1003
2046,157,Fort Bend County,1,1 yr,23705,12106,11599,4156,2121,2035,3180,1619,1561,7747,3950,3797,6621,3398,3223,2001,1018,983
2046,157,Fort Bend County,2,2 yrs,24026,12270,11756,4208,2149,2059,3184,1617,1567,7792,3973,3819,6868,3532,3336,1974,999,975
2046,157,Fort Bend County,3,3 yrs,24383,12481,11902,4272,2183,2089,3193,1622,1571,7839,3996,3843,7128,3693,3435,1951,987,964
2046,157,Fort Bend County,4,4 yrs,24786,12690,12096,4349,2224,2125,3204,1623,1581,7892,4023,3869,7408,3847,3561,1933,973,960
2046,157,Fort Bend County,5,5 yrs,25222,12945,12277,4435,2270,2165,3219,1632,1587,7946,4050,3896,7708,4031,3677,1914,962,952
2046,157,Fort Bend County,6,6 yrs,25429,13042,12387,4528,2319,2209,3237,1635,1602,7956,4061,3895,7812,4079,3733,1896,948,948
2046,157,Fort Bend County,7,7 yrs,25653,13177,12476,4626,2371,2255,3261,1648,1613,7970,4074,3896,7916,4145,3771,1880,939,941
2046,157,Fort Bend County,8,8 yrs,25892,13291,12601,4723,2423,2300,3289,1657,1632,7987,4090,3897,8030,4196,3834,1863,925,938
2046,157,Fort Bend County,9,9 yrs,26137,13437,12700,4820,2474,2346,3323,1674,1649,8006,4106,3900,8142,4266,3876,1846,917,929
2046,157,Fort Bend County,10,10 yrs,26381,13549,12832,4915,2524,2391,3361,1688,1673,8030,4123,3907,8248,4314,3934,1827,900,927
2046,157,Fort Bend County,11,11 yrs,26448,13598,12850,5054,2599,2455,3417,1717,1700,7983,4094,3889,8178,4291,3887,1816,897,919
2046,157,Fort Bend County,12,12 yrs,26519,13620,12899,5183,2671,2512,3478,1745,1733,7942,4070,3872,8109,4246,3863,1807,888,919
2046,157,Fort Bend County,13,13 yrs,26562,13655,12907,5310,2740,2570,3543,1777,1766,7891,4037,3854,8028,4218,3810,1790,883,907
2046,157,Fort Bend County,14,14 yrs,26611,13667,12944,5430,2808,2622,3611,1809,1802,7844,4011,3833,7950,4169,3781,1776,870,906
2046,157,Fort Bend County,15,15 yrs,26568,13642,12926,5507,2843,2664,3674,1836,1838,7780,3969,3811,7857,4134,3723,1750,860,890
2046,157,Fort Bend County,16,16 yrs,26489,13592,12897,5650,2932,2718,3741,1872,1869,7596,3874,3722,7776,4069,3707,1726,845,881
2046,157,Fort Bend County,17,17 yrs,26176,13445,12731,5709,2967,2742,3760,1885,1875,7381,3762,3619,7646,4009,3637,1680,822,858
2046,157,Fort Bend County,18,18 yrs,24916,12828,12088,5317,2809,2508,3638,1838,1800,7027,3584,3443,7308,3809,3499,1626,788,838
2046,157,Fort Bend County,19,19 yrs,23274,12000,11274,4720,2487,2233,3504,1782,1722,6570,3359,3211,6905,3607,3298,1575,765,810
2046,157,Fort Bend County,20,20 yrs,23002,11850,11152,4740,2520,2220,3563,1811,1752,6415,3273,3142,6739,3506,3233,1545,740,805
2046,157,Fort Bend County,21,21 yrs,22939,11759,11180,4628,2446,2182,3611,1825,1786,6357,3213,3144,6826,3539,3287,1517,736,781
2046,157,Fort Bend County,22,22 yrs,22962,11672,11290,4591,2410,2181,3652,1833,1819,6295,3151,3144,6937,3557,3380,1487,721,766
2046,157,Fort Bend County,23,23 yrs,23180,11740,11440,4697,2451,2246,3687,1846,1841,6237,3095,3142,7099,3636,3463,1460,712,748
2046,157,Fort Bend County,24,24 yrs,23144,11664,11480,4681,2441,2240,3686,1837,1849,6182,3043,3139,7172,3652,3520,1423,691,732
2046,157,Fort Bend County,25,25 yrs,23076,11603,11473,4681,2449,2232,3693,1837,1856,6102,2979,3123,7213,3657,3556,1387,681,706
2046,157,Fort Bend County,26,26 yrs,23381,11698,11683,4687,2448,2239,3672,1825,1847,6189,3004,3185,7468,3753,3715,1365,668,697
2046,157,Fort Bend County,27,27 yrs,23580,11744,11836,4655,2441,2214,3642,1807,1835,6261,3021,3240,7687,3819,3868,1335,656,679
2046,157,Fort Bend County,28,28 yrs,23856,11823,12033,4678,2459,2219,3596,1783,1813,6342,3038,3304,7936,3898,4038,1304,645,659
2046,157,Fort Bend County,29,29 yrs,24058,11857,12201,4655,2438,2217,3548,1758,1790,6413,3053,3360,8163,3971,4192,1279,637,642
2046,157,Fort Bend County,30,30 yrs,24238,11832,12406,4664,2439,2225,3489,1720,1769,6487,3069,3418,8345,3986,4359,1253,618,635
2046,157,Fort Bend County,31,31 yrs,24630,12100,12530,4716,2470,2246,3439,1693,1746,6573,3107,3466,8666,4213,4453,1236,617,619
2046,157,Fort Bend County,32,32 yrs,24932,12262,12670,4746,2485,2261,3379,1664,1715,6649,3145,3504,8950,4361,4589,1208,607,601
2046,157,Fort Bend County,33,33 yrs,25311,12520,12791,4768,2503,2265,3315,1630,1685,6713,3170,3543,9312,4608,4704,1203,609,594
2046,157,Fort Bend County,34,34 yrs,25686,12717,12969,4815,2521,2294,3259,1601,1658,6771,3201,3570,9662,4795,4867,1179,599,580
2046,157,Fort Bend County,35,35 yrs,26152,13009,13143,4877,2560,2317,3217,1576,1641,6839,3229,3610,10054,5047,5007,1165,597,568
2046,157,Fort Bend County,36,36 yrs,27647,13924,13723,5670,3163,2507,3289,1582,1707,6892,3216,3676,10636,5355,5281,1160,608,552
2046,157,Fort Bend County,37,37 yrs,28410,14164,14246,6110,3255,2855,3661,1749,1912,6901,3196,3705,10555,5296,5259,1183,668,515
2046,157,Fort Bend County,38,38 yrs,29103,14596,14507,6002,3162,2840,3687,1791,1896,6816,3272,3544,11477,5794,5683,1121,577,544
2046,157,Fort Bend County,39,39 yrs,29984,14923,15061,6245,3279,2966,3889,1860,2029,7079,3314,3765,11587,5862,5725,1184,608,576
2046,157,Fort Bend County,40,40 yrs,30406,15457,14949,6645,3642,3003,3852,1936,1916,7007,3371,3636,11783,5938,5845,1119,570,549
2046,157,Fort Bend County,41,41 yrs,30335,15111,15224,6646,3568,3078,3914,1813,2101,7151,3418,3733,11403,5657,5746,1221,655,566
2046,157,Fort Bend County,42,42 yrs,31217,15633,15584,6905,3531,3374,4111,1981,2130,7030,3385,3645,11844,6011,5833,1327,725,602
2046,157,Fort Bend County,43,43 yrs,31053,15660,15393,6782,3429,3353,4171,2123,2048,7123,3346,3777,11811,6167,5644,1166,595,571
2046,157,Fort Bend County,44,44 yrs,30246,15888,14358,6934,3710,3224,4077,2032,2045,7046,3355,3691,10967,6062,4905,1222,729,493
2046,157,Fort Bend County,45,45 yrs,31367,16243,15124,7044,3734,3310,4383,2113,2270,6910,3311,3599,11723,6362,5361,1307,723,584
2046,157,Fort Bend County,46,46 yrs,30453,15636,14817,7320,4015,3305,4363,2148,2215,6839,3303,3536,10647,5453,5194,1284,717,567
2046,157,Fort Bend County,47,47 yrs,29754,14909,14845,6851,3625,3226,4334,2110,2224,6850,3217,3633,10459,5288,5171,1260,669,591
2046,157,Fort Bend County,48,48 yrs,29891,15276,14615,6763,3562,3201,4451,2092,2359,6553,3199,3354,10887,5773,5114,1237,650,587
2046,157,Fort Bend County,49,49 yrs,29220,15039,14181,7048,3759,3289,4294,2146,2148,6203,3014,3189,10584,5513,5071,1091,607,484
2046,157,Fort Bend County,50,50 yrs,29128,15142,13986,7062,3758,3304,4346,2114,2232,6265,3049,3216,10357,5598,4759,1098,623,475
2046,157,Fort Bend County,51,51 yrs,28785,14639,14146,6762,3548,3214,4257,1991,2266,6210,3078,3132,10420,5369,5051,1136,653,483
2046,157,Fort Bend County,52,52 yrs,28613,14493,14120,6909,3566,3343,4229,2073,2156,6309,3011,3298,10095,5250,4845,1071,593,478
2046,157,Fort Bend County,53,53 yrs,28630,14976,13654,6649,3576,3073,4401,2213,2188,6239,3033,3206,10241,5516,4725,1100,638,462
2046,157,Fort Bend County,54,54 yrs,25654,13412,12242,5806,3085,2721,3952,1941,2011,5823,2925,2898,9130,4913,4217,943,548,395
2046,157,Fort Bend County,55,55 yrs,22600,11537,11063,4205,2192,2013,3416,1738,1678,5650,2835,2815,8605,4358,4247,724,414,310
2046,157,Fort Bend County,56,56 yrs,21684,10836,10848,3838,1995,1843,3036,1458,1578,5402,2655,2747,8762,4302,4460,646,426,220
2046,157,Fort Bend County,57,57 yrs,20157,10410,9747,3988,2062,1926,2722,1315,1407,4993,2545,2448,7910,4160,3750,544,328,216
2046,157,Fort Bend County,58,58 yrs,19523,9759,9764,4219,2108,2111,2429,1024,1405,4660,2475,2185,7687,3850,3837,528,302,226
2046,157,Fort Bend County,59,59 yrs,19266,9900,9366,4510,2234,2276,2330,1085,1245,4706,2424,2282,7109,3828,3281,611,329,282
2046,157,Fort Bend County,60,60 yrs,18944,9467,9477,4546,2323,2223,2253,994,1259,4612,2417,2195,7028,3452,3576,505,281,224
2046,157,Fort Bend County,61,61 yrs,19497,9815,9682,4922,2417,2505,2174,950,1224,4505,2213,2292,7454,3972,3482,442,263,179
2046,157,Fort Bend County,62,62 yrs,17737,8540,9197,4422,2146,2276,2042,863,1179,4164,2025,2139,6593,3242,3351,516,264,252
2046,157,Fort Bend County,63,63 yrs,18031,8735,9296,4922,2410,2512,2069,902,1167,4464,2160,2304,6108,3020,3088,468,243,225
2046,157,Fort Bend County,64,64 yrs,17458,8608,8850,4832,2344,2488,2036,854,1182,4262,2143,2119,5823,3017,2806,505,250,255
2046,157,Fort Bend County,65,65 yrs,17129,8218,8911,4989,2432,2557,2102,869,1233,4255,1993,2262,5205,2641,2564,578,283,295
2046,157,Fort Bend County,66,66 yrs,17038,8003,9035,5023,2409,2614,2308,914,1394,3976,1907,2069,5221,2517,2704,510,256,254
2046,157,Fort Bend County,67,67 yrs,15947,7464,8483,4876,2356,2520,2109,801,1308,3775,1807,1968,4623,2231,2392,564,269,295
2046,157,Fort Bend County,68,68 yrs,15765,7438,8327,4838,2336,2502,2083,808,1275,3809,1832,1977,4457,2172,2285,578,290,288
2046,157,Fort Bend County,69,69 yrs,15420,6947,8473,4811,2308,2503,2169,833,1336,3721,1666,2055,4245,1952,2293,474,188,286
2046,157,Fort Bend County,70,70 yrs,15205,6981,8224,4608,2215,2393,2123,790,1333,3715,1699,2016,4202,1968,2234,557,309,248
2046,157,Fort Bend County,71,71 yrs,15941,7221,8720,5072,2379,2693,2220,839,1381,3738,1732,2006,4306,1940,2366,605,331,274
2046,157,Fort Bend County,72,72 yrs,15267,6928,8339,4789,2337,2452,2301,853,1448,3333,1488,1845,4251,1941,2310,593,309,284
2046,157,Fort Bend County,73,73 yrs,15631,7061,8570,5017,2376,2641,2377,876,1501,3424,1524,1900,4268,2027,2241,545,258,287
2046,157,Fort Bend County,74,74 yrs,15813,6981,8832,5445,2535,2910,2409,880,1529,3328,1454,1874,4095,1832,2263,536,280,256
2046,157,Fort Bend County,75,75 yrs,15872,7157,8715,5748,2731,3017,2441,896,1545,3193,1430,1763,3950,1804,2146,540,296,244
2046,157,Fort Bend County,76,76 yrs,15229,6681,8548,5718,2649,3069,2204,765,1439,3066,1351,1715,3735,1656,2079,506,260,246
2046,157,Fort Bend County,77,77 yrs,14089,6206,7883,5211,2383,2828,2063,752,1311,2703,1206,1497,3600,1616,1984,512,249,263
2046,157,Fort Bend County,78,78 yrs,13177,5841,7336,5037,2446,2591,1973,707,1266,2542,1083,1459,3224,1451,1773,401,154,247
2046,157,Fort Bend County,79,79 yrs,12908,5796,7112,5006,2381,2625,1862,671,1191,2327,1022,1305,3311,1535,1776,402,187,215
2046,157,Fort Bend County,80,80 yrs,12557,5547,7010,4775,2216,2559,1814,651,1163,2310,995,1315,3263,1505,1758,395,180,215
2046,157,Fort Bend County,81,81 yrs,12155,5367,6788,4917,2308,2609,1756,594,1162,2158,920,1238,2892,1360,1532,432,185,247
2046,157,Fort Bend County,82,82 yrs,11783,4975,6808,4656,2016,2640,1683,536,1147,2036,817,1219,3016,1431,1585,392,175,217
2046,157,Fort Bend County,83,83 yrs,11432,4976,6456,4680,2180,2500,1550,515,1035,1893,752,1141,2938,1357,1581,371,172,199
2046,157,Fort Bend County,84,84 yrs,10388,4422,5966,4485,1995,2490,1393,453,940,1702,681,1021,2433,1144,1289,375,149,226
2046,157,Fort Bend County,85,85 yrs,10063,4108,5955,4286,1832,2454,1371,452,919,1559,585,974,2516,1119,1397,331,120,211
2046,157,Fort Bend County,86,86 yrs,9678,4107,5571,4296,1930,2366,1274,426,848,1458,572,886,2382,1061,1321,268,118,150
2046,157,Fort Bend County,87,87 yrs,8823,3628,5195,4071,1747,2324,1126,349,777,1304,489,815,2102,950,1152,220,93,127
2046,157,Fort Bend County,88,88 yrs,7919,3287,4632,3638,1614,2024,1031,309,722,1189,416,773,1879,867,1012,182,81,101
2046,157,Fort Bend County,89,89 yrs,6962,2861,4101,3212,1411,1801,880,262,618,1030,360,670,1670,770,900,170,58,112
2046,157,Fort Bend County,90,90 yrs,6012,2482,3530,2608,1137,1471,758,230,528,904,323,581,1588,730,858,154,62,92
2046,157,Fort Bend County,91,91 yrs,5045,1973,3072,2173,890,1283,679,195,484,749,237,512,1329,612,717,115,39,76
2046,157,Fort Bend County,92,92 yrs,4002,1575,2427,1704,705,999,522,135,387,615,187,428,1092,524,568,69,24,45
2046,157,Fort Bend County,93,93 yrs,3400,1301,2099,1393,546,847,435,114,321,493,156,337,1014,466,548,65,19,46
2046,157,Fort Bend County,94,94 yrs,2625,959,1666,1089,433,656,352,77,275,406,126,280,730,312,418,48,11,37
2046,157,Fort Bend County,95,95+ yrs,7283,2657,4626,2513,902,1611,839,210,629,1202,350,852,2645,1175,1470,84,20,64
2047,157,Fort Bend County,-1,All Ages,2070103,1026137,1043966,481003,242819,238184,281021,131155,149866,519196,252095,267101,686614,348043,338571,102269,52025,50244
2047,157,Fort Bend County,0,< 1 yr,24234,12365,11869,4205,2144,2061,3258,1662,1596,7942,4051,3891,6696,3419,3277,2133,1089,1044
2047,157,Fort Bend County,1,1 yr,24392,12440,11952,4214,2150,2064,3236,1645,1591,7953,4054,3899,6902,3533,3369,2087,1058,1029
2047,157,Fort Bend County,2,2 yrs,24686,12622,12064,4255,2173,2082,3239,1647,1592,7994,4076,3918,7142,3683,3459,2056,1043,1013
2047,157,Fort Bend County,3,3 yrs,25019,12793,12226,4308,2202,2106,3241,1644,1597,8039,4098,3941,7404,3826,3578,2027,1023,1004
2047,157,Fort Bend County,4,4 yrs,25397,13017,12380,4373,2237,2136,3252,1650,1602,8087,4122,3965,7681,3997,3684,2004,1011,993
2047,157,Fort Bend County,5,5 yrs,25816,13237,12579,4449,2277,2172,3262,1650,1612,8141,4150,3991,7979,4163,3816,1985,997,988
2047,157,Fort Bend County,6,6 yrs,26010,13355,12655,4538,2324,2214,3276,1658,1618,8145,4158,3987,8089,4232,3857,1962,983,979
2047,157,Fort Bend County,7,7 yrs,26222,13456,12766,4632,2374,2258,3295,1662,1633,8153,4168,3985,8197,4283,3914,1945,969,976
2047,157,Fort Bend County,8,8 yrs,26448,13591,12857,4732,2427,2305,3318,1674,1644,8167,4181,3986,8304,4350,3954,1927,959,968
2047,157,Fort Bend County,9,9 yrs,26698,13711,12987,4832,2481,2351,3347,1683,1664,8185,4198,3987,8424,4404,4020,1910,945,965
2047,157,Fort Bend County,10,10 yrs,26950,13862,13088,4931,2533,2398,3382,1701,1681,8205,4214,3991,8540,4477,4063,1892,937,955
2047,157,Fort Bend County,11,11 yrs,27023,13881,13142,5083,2615,2468,3431,1722,1709,8159,4184,3975,8469,4434,4035,1881,926,955
2047,157,Fort Bend County,12,12 yrs,27086,13929,13157,5225,2692,2533,3486,1751,1735,8110,4154,3956,8395,4409,3986,1870,923,947
2047,157,Fort Bend County,13,13 yrs,27155,13951,13204,5356,2766,2590,3549,1780,1769,8067,4129,3938,8324,4363,3961,1859,913,946
2047,157,Fort Bend County,14,14 yrs,27200,13986,13214,5486,2836,2650,3614,1812,1802,8016,4096,3920,8241,4334,3907,1843,908,935
2047,157,Fort Bend County,15,15 yrs,27184,13943,13241,5576,2879,2697,3676,1835,1841,7961,4063,3898,8151,4277,3874,1820,889,931
2047,157,Fort Bend County,16,16 yrs,27135,13946,13189,5740,2977,2763,3748,1876,1872,7768,3962,3806,8080,4247,3833,1799,884,915
2047,157,Fort Bend County,17,17 yrs,26860,13782,13078,5817,3025,2792,3775,1889,1886,7561,3855,3706,7953,4155,3798,1754,858,896
2047,157,Fort Bend County,18,18 yrs,25659,13235,12424,5440,2875,2565,3660,1854,1806,7212,3679,3533,7639,3997,3642,1708,830,878
2047,157,Fort Bend County,19,19 yrs,24032,12369,11663,4851,2555,2296,3541,1798,1743,6746,3447,3299,7236,3767,3469,1658,802,856
2047,157,Fort Bend County,20,20 yrs,23827,12286,11541,4886,2593,2293,3617,1842,1775,6604,3368,3236,7088,3698,3390,1632,785,847
2047,157,Fort Bend County,21,21 yrs,23791,12189,11602,4783,2531,2252,3668,1851,1817,6541,3309,3232,7194,3724,3470,1605,774,831
2047,157,Fort Bend County,22,22 yrs,23889,12157,11732,4764,2499,2265,3726,1871,1855,6491,3245,3246,7327,3768,3559,1581,774,807
2047,157,Fort Bend County,23,23 yrs,24125,12209,11916,4883,2545,2338,3760,1882,1878,6434,3194,3240,7500,3837,3663,1548,751,797
2047,157,Fort Bend County,24,24 yrs,24128,12184,11944,4871,2542,2329,3771,1882,1889,6390,3147,3243,7576,3872,3704,1520,741,779
2047,157,Fort Bend County,25,25 yrs,24074,12081,11993,4854,2534,2320,3786,1880,1906,6305,3079,3226,7651,3868,3783,1478,720,758
2047,157,Fort Bend County,26,26 yrs,24382,12220,12162,4862,2542,2320,3775,1876,1899,6397,3104,3293,7898,3985,3913,1450,713,737
2047,157,Fort Bend County,27,27 yrs,24610,12245,12365,4804,2515,2289,3750,1859,1891,6476,3123,3353,8161,4050,4111,1419,698,721
2047,157,Fort Bend County,28,28 yrs,24903,12360,12543,4824,2539,2285,3709,1843,1866,6554,3143,3411,8426,4149,4277,1390,686,704
2047,157,Fort Bend County,29,29 yrs,25096,12349,12747,4767,2497,2270,3666,1813,1853,6625,3151,3474,8682,4216,4466,1356,672,684
2047,157,Fort Bend County,30,30 yrs,25273,12358,12915,4769,2494,2275,3608,1782,1826,6700,3167,3533,8864,4249,4615,1332,666,666
2047,157,Fort Bend County,31,31 yrs,25669,12587,13082,4811,2517,2294,3558,1749,1809,6779,3208,3571,9213,4464,4749,1308,649,659
2047,157,Fort Bend County,32,32 yrs,25971,12790,13181,4839,2538,2301,3500,1723,1777,6856,3239,3617,9491,4645,4846,1285,645,640
2047,157,Fort Bend County,33,33 yrs,26306,12980,13326,4866,2550,2316,3440,1692,1748,6929,3273,3656,9811,4829,4982,1260,636,624
2047,157,Fort Bend County,34,34 yrs,26670,13233,13437,4884,2563,2321,3370,1657,1713,6991,3302,3689,10173,5072,5101,1252,639,613
2047,157,Fort Bend County,35,35 yrs,27070,13436,13634,4930,2584,2346,3308,1620,1688,7057,3335,3722,10550,5272,5278,1225,625,600
2047,157,Fort Bend County,36,36 yrs,27137,13549,13588,4993,2623,2370,3265,1600,1665,7037,3327,3710,10625,5370,5255,1217,629,588
2047,157,Fort Bend County,37,37 yrs,28665,14475,14190,5795,3234,2561,3337,1604,1733,7096,3315,3781,11230,5687,5543,1207,635,572
2047,157,Fort Bend County,38,38 yrs,29427,14711,14716,6243,3329,2914,3712,1771,1941,7099,3290,3809,11140,5621,5519,1233,700,533
2047,157,Fort Bend County,39,39 yrs,30156,15172,14984,6129,3232,2897,3735,1813,1922,7014,3373,3641,12111,6149,5962,1167,605,562
2047,157,Fort Bend County,40,40 yrs,31084,15519,15565,6393,3362,3031,3949,1888,2061,7285,3413,3872,12224,6219,6005,1233,637,596
2047,157,Fort Bend County,41,41 yrs,31088,15853,15235,6795,3727,3068,3897,1956,1941,7105,3428,3677,12132,6149,5983,1159,593,566
2047,157,Fort Bend County,42,42 yrs,30993,15486,15507,6789,3648,3141,3952,1828,2124,7251,3475,3776,11734,5852,5882,1267,683,584
2047,157,Fort Bend County,43,43 yrs,31896,16022,15874,7051,3607,3444,4150,1999,2151,7125,3438,3687,12192,6222,5970,1378,756,622
2047,157,Fort Bend County,44,44 yrs,31708,16037,15671,6919,3500,3419,4209,2139,2070,7221,3401,3820,12154,6379,5775,1205,618,587
2047,157,Fort Bend County,45,45 yrs,30919,16303,14616,7092,3804,3288,4120,2054,2066,7146,3412,3734,11294,6275,5019,1267,758,509
2047,157,Fort Bend County,46,46 yrs,31864,16501,15363,7174,3802,3372,4411,2120,2291,6980,3347,3633,11944,6480,5464,1355,752,603
2047,157,Fort Bend County,47,47 yrs,30951,15899,15052,7463,4095,3368,4400,2164,2236,6908,3339,3569,10851,5557,5294,1329,744,585
2047,157,Fort Bend County,48,48 yrs,30224,15147,15077,6981,3694,3287,4359,2118,2241,6919,3252,3667,10659,5387,5272,1306,696,610
2047,157,Fort Bend County,49,49 yrs,30354,15511,14843,6889,3627,3262,4477,2100,2377,6617,3232,3385,11092,5878,5214,1279,674,605
2047,157,Fort Bend County,50,50 yrs,29700,15298,14402,7197,3844,3353,4320,2156,2164,6266,3049,3217,10785,5615,5170,1132,634,498
2047,157,Fort Bend County,51,51 yrs,29495,15323,14172,7189,3828,3361,4362,2114,2248,6289,3056,3233,10519,5677,4842,1136,648,488
2047,157,Fort Bend County,52,52 yrs,29142,14807,14335,6881,3611,3270,4274,1992,2282,6229,3082,3147,10584,5444,5140,1174,678,496
2047,157,Fort Bend County,53,53 yrs,28948,14650,14298,7029,3630,3399,4242,2072,2170,6328,3013,3315,10244,5320,4924,1105,615,490
2047,157,Fort Bend County,54,54 yrs,28965,15138,13827,6757,3633,3124,4417,2214,2203,6257,3036,3221,10396,5591,4805,1138,664,474
2047,157,Fort Bend County,55,55 yrs,26019,13584,12435,5943,3152,2791,3975,1944,2031,5847,2932,2915,9274,4983,4291,980,573,407
2047,157,Fort Bend County,56,56 yrs,22904,11671,11233,4279,2230,2049,3422,1735,1687,5696,2858,2838,8759,4418,4341,748,430,318
2047,157,Fort Bend County,57,57 yrs,21981,10963,11018,3903,2028,1875,3042,1455,1587,5446,2676,2770,8922,4362,4560,668,442,226
2047,157,Fort Bend County,58,58 yrs,20422,10525,9897,4056,2097,1959,2721,1308,1413,5032,2565,2467,8051,4215,3836,562,340,222
2047,157,Fort Bend County,59,59 yrs,19775,9863,9912,4286,2139,2147,2433,1021,1412,4692,2492,2200,7820,3899,3921,544,312,232
2047,157,Fort Bend County,60,60 yrs,19520,10013,9507,4590,2273,2317,2329,1080,1249,4737,2440,2297,7233,3879,3354,631,341,290
2047,157,Fort Bend County,61,61 yrs,19270,9609,9661,4622,2360,2262,2252,987,1265,4656,2423,2233,7219,3550,3669,521,289,232
2047,157,Fort Bend County,62,62 yrs,19825,9968,9857,5000,2453,2547,2169,942,1227,4547,2216,2331,7653,4086,3567,456,271,185
2047,157,Fort Bend County,63,63 yrs,18021,8660,9361,4489,2176,2313,2033,853,1180,4205,2029,2176,6764,3332,3432,530,270,260
2047,157,Fort Bend County,64,64 yrs,18298,8844,9454,4992,2440,2552,2058,892,1166,4501,2160,2341,6265,3102,3163,482,250,232
2047,157,Fort Bend County,65,65 yrs,17704,8715,8989,4897,2373,2524,2022,842,1180,4292,2141,2151,5973,3101,2872,520,258,262
2047,157,Fort Bend County,66,66 yrs,17360,8316,9044,5060,2464,2596,2102,864,1238,4301,2008,2293,5294,2686,2608,603,294,309
2047,157,Fort Bend County,67,67 yrs,17238,8083,9155,5089,2439,2650,2305,908,1397,4016,1918,2098,5297,2552,2745,531,266,265
2047,157,Fort Bend County,68,68 yrs,16103,7524,8579,4933,2382,2551,2104,795,1309,3809,1816,1993,4670,2252,2418,587,279,308
2047,157,Fort Bend County,69,69 yrs,15894,7479,8415,4888,2357,2531,2075,800,1275,3837,1836,2001,4495,2187,2308,599,299,300
2047,157,Fort Bend County,70,70 yrs,15528,6977,8551,4855,2326,2529,2157,824,1333,3747,1670,2077,4276,1962,2314,493,195,298
2047,157,Fort Bend County,71,71 yrs,15323,7020,8303,4642,2227,2415,2108,779,1329,3723,1695,2028,4273,2001,2272,577,318,259
2047,157,Fort Bend County,72,72 yrs,16033,7239,8794,5099,2386,2713,2200,825,1375,3744,1726,2018,4365,1962,2403,625,340,285
2047,157,Fort Bend County,73,73 yrs,15314,6922,8392,4808,2340,2468,2271,835,1436,3330,1478,1852,4295,1953,2342,610,316,294
2047,157,Fort Bend County,74,74 yrs,15652,7035,8617,5026,2372,2654,2344,856,1488,3419,1512,1907,4302,2031,2271,561,264,297
2047,157,Fort Bend County,75,75 yrs,15791,6939,8852,5444,2526,2918,2371,858,1513,3310,1437,1873,4119,1834,2285,547,284,263
2047,157,Fort Bend County,76,76 yrs,15899,7149,8750,5767,2735,3032,2406,874,1532,3146,1405,1741,4028,1834,2194,552,301,251
2047,157,Fort Bend County,77,77 yrs,15208,6646,8562,5722,2645,3077,2166,742,1424,3012,1324,1688,3792,1672,2120,516,263,253
2047,157,Fort Bend County,78,78 yrs,14021,6149,7872,5197,2368,2829,2025,729,1296,2647,1176,1471,3631,1625,2006,521,251,270
2047,157,Fort Bend County,79,79 yrs,13065,5759,7306,5007,2423,2584,1925,683,1242,2478,1050,1428,3248,1448,1800,407,155,252
2047,157,Fort Bend County,80,80 yrs,12755,5700,7055,4955,2347,2608,1810,644,1166,2256,986,1270,3329,1536,1793,405,187,218
2047,157,Fort Bend County,81,81 yrs,12343,5427,6916,4653,2146,2507,1738,614,1124,2288,970,1318,3269,1519,1750,395,178,217
2047,157,Fort Bend County,82,82 yrs,11863,5209,6654,4760,2218,2542,1675,557,1118,2127,892,1235,2872,1360,1512,429,182,247
2047,157,Fort Bend County,83,83 yrs,11465,4813,6652,4487,1927,2560,1600,501,1099,1996,787,1209,2995,1427,1568,387,171,216
2047,157,Fort Bend County,84,84 yrs,11061,4778,6283,4480,2070,2410,1466,477,989,1846,717,1129,2904,1347,1557,365,167,198
2047,157,Fort Bend County,85,85 yrs,9975,4210,5765,4265,1879,2386,1308,416,892,1647,646,1001,2390,1126,1264,365,143,222
2047,157,Fort Bend County,86,86 yrs,9545,3857,5688,4044,1711,2333,1272,412,860,1498,550,948,2425,1076,1349,306,108,198
2047,157,Fort Bend County,87,87 yrs,9102,3817,5285,4011,1780,2231,1175,385,790,1386,532,854,2283,1013,1270,247,107,140
2047,157,Fort Bend County,88,88 yrs,8205,3334,4871,3761,1592,2169,1029,312,717,1230,453,777,1984,894,1090,201,83,118
2047,157,Fort Bend County,89,89 yrs,7288,2981,4307,3319,1453,1866,930,270,660,1110,379,731,1768,809,959,161,70,91
2047,157,Fort Bend County,90,90 yrs,6341,2569,3772,2894,1251,1643,792,230,562,947,323,624,1556,713,843,152,52,100
2047,157,Fort Bend County,91,91 yrs,5410,2199,3211,2308,988,1320,670,196,474,820,288,532,1480,677,803,132,50,82
2047,157,Fort Bend County,92,92 yrs,4460,1716,2744,1893,760,1133,591,166,425,671,206,465,1210,553,657,95,31,64
2047,157,Fort Bend County,93,93 yrs,3489,1341,2148,1453,586,867,450,110,340,543,161,382,983,464,519,60,20,40
2047,157,Fort Bend County,94,94 yrs,2888,1086,1802,1158,440,718,365,92,273,428,132,296,888,409,479,49,13,36
2047,157,Fort Bend County,95,95+ yrs,8039,2912,5127,2769,1005,1764,949,225,724,1321,386,935,2899,1274,1625,101,22,79
2048,157,Fort Bend County,-1,All Ages,2133943,1058541,1075402,488503,246859,241644,285202,133211,151991,534360,259320,275040,718419,364423,353996,107459,54728,52731
2048,157,Fort Bend County,0,< 1 yr,24998,12740,12258,4288,2187,2101,3315,1689,1626,8156,4159,3997,7008,3570,3438,2231,1135,1096
2048,157,Fort Bend County,1,1 yr,25133,12836,12297,4286,2187,2099,3293,1677,1616,8164,4163,4001,7210,3700,3510,2180,1109,1071
2048,157,Fort Bend County,2,2 yrs,25401,12972,12429,4313,2203,2110,3296,1673,1623,8205,4183,4022,7444,3829,3615,2143,1084,1059
2048,157,Fort Bend County,3,3 yrs,25708,13162,12546,4355,2226,2129,3297,1674,1623,8245,4204,4041,7700,3990,3710,2111,1068,1043
2048,157,Fort Bend County,4,4 yrs,26060,13344,12716,4409,2255,2154,3300,1672,1628,8291,4226,4065,7978,4143,3835,2082,1048,1034
2048,157,Fort Bend County,5,5 yrs,26458,13579,12879,4474,2290,2184,3312,1678,1634,8341,4251,4090,8273,4325,3948,2058,1035,1023
2048,157,Fort Bend County,6,6 yrs,26624,13657,12967,4554,2332,2222,3319,1676,1643,8343,4260,4083,8373,4371,4002,2035,1018,1017
2048,157,Fort Bend County,7,7 yrs,26822,13779,13043,4644,2380,2264,3333,1684,1649,8347,4268,4079,8486,4442,4044,2012,1005,1007
2048,157,Fort Bend County,8,8 yrs,27038,13880,13158,4740,2431,2309,3351,1687,1664,8354,4277,4077,8600,4496,4104,1993,989,1004
2048,157,Fort Bend County,9,9 yrs,27267,14019,13248,4841,2484,2357,3376,1701,1675,8367,4290,4077,8709,4565,4144,1974,979,995
2048,157,Fort Bend County,10,10 yrs,27526,14144,13382,4944,2540,2404,3405,1710,1695,8385,4307,4078,8835,4622,4213,1957,965,992
2048,157,Fort Bend County,11,11 yrs,27598,14198,13400,5097,2623,2474,3451,1735,1716,8334,4275,4059,8768,4601,4167,1948,964,984
2048,157,Fort Bend County,12,12 yrs,27673,14217,13456,5253,2707,2546,3501,1756,1745,8289,4245,4044,8693,4556,4137,1937,953,984
2048,157,Fort Bend County,13,13 yrs,27735,14265,13470,5398,2786,2612,3556,1785,1771,8238,4214,4024,8617,4530,4087,1926,950,976
2048,157,Fort Bend County,14,14 yrs,27801,14284,13517,5533,2862,2671,3619,1814,1805,8193,4188,4005,8542,4481,4061,1914,939,975
2048,157,Fort Bend County,15,15 yrs,27780,14265,13515,5634,2908,2726,3677,1837,1840,8133,4148,3985,8447,4444,4003,1889,928,961
2048,157,Fort Bend County,16,16 yrs,27761,14252,13509,5811,3014,2797,3748,1874,1874,7947,4055,3892,8382,4394,3988,1873,915,958
2048,157,Fort Bend County,17,17 yrs,27513,14140,13373,5907,3070,2837,3782,1893,1889,7731,3942,3789,8265,4338,3927,1828,897,931
2048,157,Fort Bend County,18,18 yrs,26345,13575,12770,5541,2930,2611,3675,1859,1816,7388,3769,3619,7956,4150,3806,1785,867,918
2048,157,Fort Bend County,19,19 yrs,24774,12774,12000,4966,2618,2348,3564,1814,1750,6927,3540,3387,7577,3959,3618,1740,843,897
2048,157,Fort Bend County,20,20 yrs,24596,12663,11933,5021,2664,2357,3653,1858,1795,6779,3456,3323,7425,3861,3564,1718,824,894
2048,157,Fort Bend County,21,21 yrs,24639,12637,12002,4930,2605,2325,3722,1882,1840,6731,3404,3327,7559,3924,3635,1697,822,875
2048,157,Fort Bend County,22,22 yrs,24765,12600,12165,4922,2585,2337,3783,1897,1886,6677,3342,3335,7711,3962,3749,1672,814,858
2048,157,Fort Bend County,23,23 yrs,25085,12709,12376,5065,2638,2427,3836,1921,1915,6632,3288,3344,7906,4056,3850,1646,806,840
2048,157,Fort Bend County,24,24 yrs,25108,12669,12439,5062,2639,2423,3846,1919,1927,6590,3246,3344,7998,4084,3914,1612,781,831
2048,157,Fort Bend County,25,25 yrs,25094,12619,12475,5052,2640,2412,3872,1925,1947,6516,3184,3332,8074,4097,3977,1580,773,807
2048,157,Fort Bend County,26,26 yrs,25429,12720,12709,5042,2631,2411,3869,1920,1949,6607,3207,3400,8368,4209,4159,1543,753,790
2048,157,Fort Bend County,27,27 yrs,25663,12793,12870,4983,2612,2371,3855,1912,1943,6692,3226,3466,8625,4298,4327,1508,745,763
2048,157,Fort Bend County,28,28 yrs,25987,12886,13101,4977,2616,2361,3820,1896,1924,6776,3248,3528,8937,4396,4541,1477,730,747
2048,157,Fort Bend County,29,29 yrs,26194,12907,13287,4913,2577,2336,3782,1875,1907,6843,3258,3585,9211,4483,4728,1445,714,731
2048,157,Fort Bend County,30,30 yrs,26367,12873,13494,4882,2554,2328,3727,1837,1890,6921,3269,3652,9425,4511,4914,1412,702,710
2048,157,Fort Bend County,31,31 yrs,26768,13148,13620,4919,2574,2345,3677,1810,1867,7001,3310,3691,9781,4754,5027,1390,700,690
2048,157,Fort Bend County,32,32 yrs,27074,13311,13763,4936,2586,2350,3620,1779,1841,7070,3344,3726,10089,4923,5166,1359,679,680
2048,157,Fort Bend County,33,33 yrs,27412,13544,13868,4961,2604,2357,3562,1751,1811,7144,3371,3773,10404,5142,5262,1341,676,665
2048,157,Fort Bend County,34,34 yrs,27724,13721,14003,4985,2612,2373,3496,1719,1777,7215,3408,3807,10717,5315,5402,1311,667,644
2048,157,Fort Bend County,35,35 yrs,28114,13984,14130,5001,2627,2374,3420,1676,1744,7285,3439,3846,11108,5576,5532,1300,666,634
2048,157,Fort Bend County,36,36 yrs,28092,13995,14097,5046,2647,2399,3357,1644,1713,7261,3436,3825,11148,5610,5538,1280,658,622
2048,157,Fort Bend County,37,37 yrs,28154,14101,14053,5107,2684,2423,3310,1622,1688,7244,3428,3816,11227,5711,5516,1266,656,610
2048,157,Fort Bend County,38,38 yrs,29713,15043,14670,5922,3308,2614,3384,1624,1760,7298,3412,3886,11852,6034,5818,1257,665,592
2048,157,Fort Bend County,39,39 yrs,30477,15283,15194,6374,3402,2972,3761,1793,1968,7304,3391,3913,11753,5963,5790,1285,734,551
2048,157,Fort Bend County,40,40 yrs,31272,15783,15489,6272,3312,2960,3790,1838,1952,7216,3473,3743,12779,6526,6253,1215,634,581
2048,157,Fort Bend County,41,41 yrs,31774,15915,15859,6534,3439,3095,3994,1907,2087,7385,3470,3915,12583,6436,6147,1278,663,615
2048,157,Fort Bend County,42,42 yrs,31768,16248,15520,6940,3810,3130,3933,1971,1962,7203,3484,3719,12490,6365,6125,1202,618,584
2048,157,Fort Bend County,43,43 yrs,31659,15866,15793,6932,3726,3206,3990,1844,2146,7346,3529,3817,12076,6055,6021,1315,712,603
2048,157,Fort Bend County,44,44 yrs,32576,16413,16163,7192,3681,3511,4188,2015,2173,7224,3495,3729,12546,6436,6110,1426,786,640
2048,157,Fort Bend County,45,45 yrs,32409,16454,15955,7073,3588,3485,4254,2162,2092,7321,3457,3864,12513,6604,5909,1248,643,605
2048,157,Fort Bend County,46,46 yrs,31405,16564,14841,7222,3873,3349,4144,2061,2083,7216,3448,3768,11508,6393,5115,1315,789,526
2048,157,Fort Bend County,47,47 yrs,32382,16776,15606,7315,3878,3437,4447,2134,2313,7048,3382,3666,12170,6601,5569,1402,781,621
2048,157,Fort Bend County,48,48 yrs,31442,16157,15285,7604,4172,3432,4425,2172,2253,6977,3376,3601,11056,5661,5395,1380,776,604
2048,157,Fort Bend County,49,49 yrs,30690,15381,15309,7111,3761,3350,4382,2126,2256,6983,3284,3699,10863,5488,5375,1351,722,629
2048,157,Fort Bend County,50,50 yrs,30851,15776,15075,7034,3709,3325,4504,2109,2395,6684,3269,3415,11302,5986,5316,1327,703,624
2048,157,Fort Bend County,51,51 yrs,30069,15478,14591,7326,3915,3411,4333,2155,2178,6288,3055,3233,10952,5694,5258,1170,659,511
2048,157,Fort Bend County,52,52 yrs,29848,15494,14354,7312,3895,3417,4377,2114,2263,6307,3058,3249,10679,5754,4925,1173,673,500
2048,157,Fort Bend County,53,53 yrs,29497,14974,14523,7000,3676,3324,4289,1991,2298,6247,3084,3163,10750,5521,5229,1211,702,509
2048,157,Fort Bend County,54,54 yrs,29281,14805,14476,7144,3689,3455,4256,2072,2184,6345,3015,3330,10393,5389,5004,1143,640,503
2048,157,Fort Bend County,55,55 yrs,29373,15333,14040,6911,3711,3200,4439,2216,2223,6282,3042,3240,10558,5670,4888,1183,694,489
2048,157,Fort Bend County,56,56 yrs,26372,13747,12625,6047,3206,2841,3983,1939,2044,5894,2955,2939,9436,5053,4383,1012,594,418
2048,157,Fort Bend County,57,57 yrs,23206,11801,11405,4351,2266,2085,3426,1731,1695,5741,2880,2861,8916,4478,4438,772,446,326
2048,157,Fort Bend County,58,58 yrs,22274,11086,11188,3970,2062,1908,3040,1446,1594,5487,2696,2791,9086,4424,4662,691,458,233
2048,157,Fort Bend County,59,59 yrs,20679,10634,10045,4120,2127,1993,2723,1304,1419,5065,2582,2483,8192,4269,3923,579,352,227
2048,157,Fort Bend County,60,60 yrs,20037,9975,10062,4361,2176,2185,2434,1016,1418,4723,2509,2214,7956,3950,4006,563,324,239
2048,157,Fort Bend County,61,61 yrs,19853,10167,9686,4667,2309,2358,2326,1072,1254,4783,2446,2337,7428,3990,3438,649,350,299
2048,157,Fort Bend County,62,62 yrs,19594,9749,9845,4698,2396,2302,2249,979,1270,4697,2426,2271,7413,3650,3763,537,298,239
2048,157,Fort Bend County,63,63 yrs,20150,10117,10033,5077,2488,2589,2160,932,1228,4590,2219,2371,7854,4200,3654,469,278,191
2048,157,Fort Bend County,64,64 yrs,18302,8781,9521,4552,2203,2349,2024,845,1179,4240,2029,2211,6940,3425,3515,546,279,267
2048,157,Fort Bend County,65,65 yrs,18558,8951,9607,5059,2470,2589,2044,879,1165,4533,2157,2376,6426,3187,3239,496,258,238
2048,157,Fort Bend County,66,66 yrs,17948,8824,9124,4967,2405,2562,2023,838,1185,4339,2158,2181,6076,3155,2921,543,268,275
2048,157,Fort Bend County,67,67 yrs,17570,8401,9169,5127,2495,2632,2099,859,1240,4346,2020,2326,5369,2722,2647,629,305,324
2048,157,Fort Bend County,68,68 yrs,17410,8146,9264,5150,2466,2684,2300,901,1399,4053,1927,2126,5354,2577,2777,553,275,278
2048,157,Fort Bend County,69,69 yrs,16238,7567,8671,4984,2403,2581,2096,787,1309,3838,1821,2017,4710,2268,2442,610,288,322
2048,157,Fort Bend County,70,70 yrs,16012,7517,8495,4933,2375,2558,2064,792,1272,3864,1841,2023,4531,2201,2330,620,308,312
2048,157,Fort Bend County,71,71 yrs,15644,7011,8633,4890,2338,2552,2142,813,1329,3756,1666,2090,4346,1994,2352,510,200,310
2048,157,Fort Bend County,72,72 yrs,15411,7039,8372,4668,2234,2434,2089,766,1323,3730,1690,2040,4329,2022,2307,595,327,268
2048,157,Fort Bend County,73,73 yrs,16087,7237,8850,5122,2391,2731,2172,808,1364,3741,1715,2026,4409,1975,2434,643,348,295
2048,157,Fort Bend County,74,74 yrs,15342,6901,8441,4818,2338,2480,2241,817,1424,3324,1465,1859,4333,1959,2374,626,322,304
2048,157,Fort Bend County,75,75 yrs,15634,6992,8642,5028,2365,2663,2306,833,1473,3402,1496,1906,4323,2030,2293,575,268,307
2048,157,Fort Bend County,76,76 yrs,15829,6937,8892,5464,2531,2933,2339,837,1502,3263,1413,1850,4202,1866,2336,561,290,271
2048,157,Fort Bend County,77,77 yrs,15877,7116,8761,5771,2730,3041,2363,849,1514,3091,1378,1713,4088,1854,2234,564,305,259
2048,157,Fort Bend County,78,78 yrs,15132,6585,8547,5707,2629,3078,2126,719,1407,2949,1291,1658,3826,1681,2145,524,265,259
2048,157,Fort Bend County,79,79 yrs,13907,6065,7842,5167,2347,2820,1975,705,1270,2579,1140,1439,3659,1621,2038,527,252,275
2048,157,Fort Bend County,80,80 yrs,12906,5662,7244,4957,2389,2568,1871,656,1215,2404,1014,1390,3263,1448,1815,411,155,256
2048,157,Fort Bend County,81,81 yrs,12537,5579,6958,4828,2272,2556,1733,607,1126,2234,962,1272,3338,1553,1785,404,185,219
2048,157,Fort Bend County,82,82 yrs,12055,5270,6785,4504,2063,2441,1657,575,1082,2257,941,1316,3246,1517,1729,391,174,217
2048,157,Fort Bend County,83,83 yrs,11537,5035,6502,4586,2122,2464,1591,520,1071,2086,860,1226,2850,1355,1495,424,178,246
2048,157,Fort Bend County,84,84 yrs,11101,4628,6473,4299,1831,2468,1514,464,1050,1946,750,1196,2963,1418,1545,379,165,214
2048,157,Fort Bend County,85,85 yrs,10631,4554,6077,4261,1951,2310,1377,438,939,1787,680,1107,2851,1325,1526,355,160,195
2048,157,Fort Bend County,86,86 yrs,9461,3955,5506,4025,1756,2269,1214,379,835,1582,608,974,2303,1083,1220,337,129,208
2048,157,Fort Bend County,87,87 yrs,8989,3591,5398,3781,1580,2201,1173,372,801,1427,513,914,2326,1028,1298,282,98,184
2048,157,Fort Bend County,88,88 yrs,8467,3510,4957,3706,1623,2083,1074,345,729,1306,492,814,2156,954,1202,225,96,129
2048,157,Fort Bend County,89,89 yrs,7556,3025,4531,3435,1434,2001,928,273,655,1148,413,735,1868,834,1034,177,71,106
2048,157,Fort Bend County,90,90 yrs,6645,2678,3967,2992,1289,1703,839,238,601,1022,340,682,1647,749,898,145,62,83
2048,157,Fort Bend County,91,91 yrs,5706,2276,3430,2563,1088,1475,702,197,505,860,288,572,1450,661,789,131,42,89
2048,157,Fort Bend County,92,92 yrs,4784,1913,2871,2011,845,1166,585,168,417,732,250,482,1348,611,737,108,39,69
2048,157,Fort Bend County,93,93 yrs,3885,1462,2423,1616,632,984,505,136,369,591,177,414,1091,491,600,82,26,56
2048,157,Fort Bend County,94,94 yrs,2969,1122,1847,1208,472,736,380,91,289,473,137,336,862,408,454,46,14,32
2048,157,Fort Bend County,95,95+ yrs,8882,3230,5652,3023,1089,1934,1048,250,798,1441,423,1018,3256,1443,1813,114,25,89
2049,157,Fort Bend County,-1,All Ages,2199870,1092069,1107801,496130,250980,245150,289366,135273,154093,549848,266705,283143,751616,381536,370080,112910,57575,55335
2049,157,Fort Bend County,0,< 1 yr,25814,13171,12643,4380,2234,2146,3372,1721,1651,8374,4271,4103,7348,3751,3597,2340,1194,1146
2049,157,Fort Bend County,1,1 yr,25925,13225,12700,4369,2230,2139,3349,1703,1646,8383,4273,4110,7543,3862,3681,2281,1157,1124
2049,157,Fort Bend County,2,2 yrs,26177,13386,12791,4386,2240,2146,3351,1705,1646,8422,4294,4128,7777,4010,3767,2241,1137,1104
2049,157,Fort Bend County,3,3 yrs,26458,13530,12928,4416,2257,2159,3354,1701,1653,8461,4313,4148,8026,4148,3878,2201,1111,1090
2049,157,Fort Bend County,4,4 yrs,26780,13730,13050,4456,2279,2177,3356,1702,1654,8504,4336,4168,8296,4319,3977,2168,1094,1074
2049,157,Fort Bend County,5,5 yrs,27151,13923,13228,4511,2309,2202,3358,1699,1659,8550,4358,4192,8593,4483,4110,2139,1074,1065
2049,157,Fort Bend County,6,6 yrs,27283,14010,13273,4580,2346,2234,3368,1704,1664,8546,4363,4183,8680,4540,4140,2109,1057,1052
2049,157,Fort Bend County,7,7 yrs,27453,14090,13363,4660,2388,2272,3375,1702,1673,8548,4371,4177,8784,4589,4195,2086,1040,1046
2049,157,Fort Bend County,8,8 yrs,27653,14212,13441,4750,2436,2314,3390,1710,1680,8551,4378,4173,8900,4662,4238,2062,1026,1036
2049,157,Fort Bend County,9,9 yrs,27876,14319,13557,4847,2488,2359,3408,1713,1695,8559,4389,4170,9020,4719,4301,2042,1010,1032
2049,157,Fort Bend County,10,10 yrs,28113,14461,13652,4952,2543,2409,3433,1727,1706,8572,4402,4170,9132,4789,4343,2024,1000,1024
2049,157,Fort Bend County,11,11 yrs,28185,14486,13699,5110,2630,2480,3473,1743,1730,8517,4370,4147,9069,4749,4320,2016,994,1022
2049,157,Fort Bend County,12,12 yrs,28258,14540,13718,5269,2716,2553,3520,1769,1751,8464,4337,4127,8999,4726,4273,2006,992,1014
2049,157,Fort Bend County,13,13 yrs,28327,14556,13771,5428,2803,2625,3569,1789,1780,8417,4305,4112,8921,4680,4241,1992,979,1013
2049,157,Fort Bend County,14,14 yrs,28388,14604,13784,5575,2883,2692,3626,1819,1807,8365,4274,4091,8842,4652,4190,1980,976,1004
2049,157,Fort Bend County,15,15 yrs,28394,14571,13823,5682,2935,2747,3681,1839,1842,8312,4241,4071,8757,4596,4161,1962,960,1002
2049,157,Fort Bend County,16,16 yrs,28367,14581,13786,5870,3044,2826,3750,1877,1873,8118,4139,3979,8686,4566,4120,1943,955,988
2049,157,Fort Bend County,17,17 yrs,28149,14453,13696,5981,3109,2872,3783,1892,1891,7909,4035,3874,8572,4488,4084,1904,929,975
2049,157,Fort Bend County,18,18 yrs,27006,13938,13068,5628,2974,2654,3685,1864,1821,7554,3855,3699,8279,4338,3941,1860,907,953
2049,157,Fort Bend County,19,19 yrs,25466,13118,12348,5060,2668,2392,3580,1820,1760,7101,3629,3472,7905,4119,3786,1820,882,938
2049,157,Fort Bend County,20,20 yrs,25353,13073,12280,5139,2728,2411,3676,1874,1802,6960,3548,3412,7775,4057,3718,1803,866,937
2049,157,Fort Bend County,21,21 yrs,25428,13022,12406,5066,2676,2390,3758,1898,1860,6909,3492,3417,7910,4094,3816,1785,862,923
2049,157,Fort Bend County,22,22 yrs,25640,13060,12580,5075,2661,2414,3837,1928,1909,6869,3437,3432,8092,4170,3922,1767,864,903
2049,157,Fort Bend County,23,23 yrs,25994,13168,12826,5233,2729,2504,3894,1948,1946,6820,3385,3435,8307,4259,4048,1740,847,893
2049,157,Fort Bend County,24,24 yrs,26096,13182,12914,5250,2735,2515,3923,1958,1965,6790,3341,3449,8420,4310,4110,1713,838,875
2049,157,Fort Bend County,25,25 yrs,26103,13120,12983,5251,2741,2510,3947,1962,1985,6718,3284,3434,8513,4319,4194,1674,814,860
2049,157,Fort Bend County,26,26 yrs,26497,13282,13215,5246,2740,2506,3955,1965,1990,6827,3316,3511,8821,4453,4368,1648,808,840
2049,157,Fort Bend County,27,27 yrs,26760,13313,13447,5166,2702,2464,3949,1955,1994,6910,3332,3578,9130,4537,4593,1605,787,818
2049,157,Fort Bend County,28,28 yrs,27088,13455,13633,5161,2715,2446,3924,1948,1976,7000,3354,3646,9435,4660,4775,1568,778,790
2049,157,Fort Bend County,29,29 yrs,27332,13456,13876,5069,2655,2414,3893,1927,1966,7074,3367,3707,9762,4747,5015,1534,760,774
2049,157,Fort Bend County,30,30 yrs,27521,13456,14065,5032,2636,2396,3844,1899,1945,7146,3379,3767,9994,4795,5199,1505,747,758
2049,157,Fort Bend County,31,31 yrs,27930,13699,14231,5034,2635,2399,3799,1867,1932,7228,3415,3813,10394,5044,5350,1475,738,737
2049,157,Fort Bend County,32,32 yrs,28239,13906,14333,5045,2643,2402,3740,1841,1899,7300,3449,3851,10709,5241,5468,1445,732,713
2049,157,Fort Bend County,33,33 yrs,28581,14101,14480,5060,2654,2406,3684,1809,1875,7365,3479,3886,11054,5447,5607,1418,712,706
2049,157,Fort Bend County,34,34 yrs,28895,14322,14573,5081,2666,2415,3620,1779,1841,7438,3510,3928,11362,5658,5704,1394,709,685
2049,157,Fort Bend County,35,35 yrs,29229,14502,14727,5102,2676,2426,3548,1739,1809,7517,3549,3968,11700,5843,5857,1362,695,667
2049,157,Fort Bend County,36,36 yrs,29177,14567,14610,5118,2691,2427,3469,1700,1769,7494,3542,3952,11736,5932,5804,1360,702,658
2049,157,Fort Bend County,37,37 yrs,29149,14567,14582,5162,2709,2453,3403,1666,1737,7474,3540,3934,11779,5966,5813,1331,686,645
2049,157,Fort Bend County,38,38 yrs,29202,14673,14529,5222,2748,2474,3352,1641,1711,7451,3529,3922,11858,6068,5790,1319,687,632
2049,157,Fort Bend County,39,39 yrs,30798,15637,15161,6049,3381,2668,3429,1645,1784,7506,3515,3991,12504,6399,6105,1310,697,613
2049,157,Fort Bend County,40,40 yrs,31588,15891,15697,6523,3487,3036,3817,1819,1998,7514,3491,4023,12397,6326,6071,1337,768,569
2049,157,Fort Bend County,41,41 yrs,31976,16191,15785,6412,3389,3023,3831,1856,1975,7315,3530,3785,13158,6756,6402,1260,660,600
2049,157,Fort Bend County,42,42 yrs,32466,16314,16152,6675,3516,3159,4030,1922,2108,7484,3526,3958,12952,6659,6293,1325,691,634
2049,157,Fort Bend County,43,43 yrs,32462,16653,15809,7086,3891,3195,3969,1988,1981,7300,3539,3761,12859,6591,6268,1248,644,604
2049,157,Fort Bend County,44,44 yrs,32326,16246,16080,7071,3803,3268,4027,1858,2169,7446,3586,3860,12423,6260,6163,1359,739,620
2049,157,Fort Bend County,45,45 yrs,33302,16842,16460,7353,3773,3580,4232,2036,2196,7324,3553,3771,12916,6663,6253,1477,817,660
2049,157,Fort Bend County,46,46 yrs,32919,16712,16207,7203,3653,3550,4279,2169,2110,7393,3494,3899,12750,6727,6023,1294,669,625
2049,157,Fort Bend County,47,47 yrs,31917,16845,15072,7363,3950,3413,4178,2077,2101,7289,3486,3803,11727,6514,5213,1360,818,542
2049,157,Fort Bend County,48,48 yrs,32894,17047,15847,7453,3952,3501,4471,2140,2331,7118,3419,3699,12398,6723,5675,1454,813,641
2049,157,Fort Bend County,49,49 yrs,31926,16406,15520,7745,4248,3497,4447,2179,2268,7043,3409,3634,11264,5766,5498,1427,804,623
2049,157,Fort Bend County,50,50 yrs,31190,15646,15544,7261,3847,3414,4406,2135,2271,7054,3321,3733,11068,5590,5478,1401,753,648
2049,157,Fort Bend County,51,51 yrs,31228,15959,15269,7160,3778,3382,4520,2108,2412,6706,3275,3431,11471,6067,5404,1371,731,640
2049,157,Fort Bend County,52,52 yrs,30430,15650,14780,7452,3983,3469,4346,2155,2191,6304,3056,3248,11118,5771,5347,1210,685,525
2049,157,Fort Bend County,53,53 yrs,30203,15667,14536,7438,3964,3474,4390,2113,2277,6324,3060,3264,10840,5832,5008,1211,698,513
2049,157,Fort Bend County,54,54 yrs,29847,15140,14707,7115,3735,3380,4302,1990,2312,6263,3087,3176,10915,5597,5318,1252,731,521
2049,157,Fort Bend County,55,55 yrs,29686,14990,14696,7308,3769,3539,4274,2072,2202,6370,3021,3349,10547,5460,5087,1187,668,519
2049,157,Fort Bend County,56,56 yrs,29772,15518,14254,7032,3775,3257,4445,2210,2235,6331,3066,3265,10741,5746,4995,1223,721,502
2049,157,Fort Bend County,57,57 yrs,26724,13910,12814,6150,3259,2891,3988,1934,2054,5940,2978,2962,9600,5123,4477,1046,616,430
2049,157,Fort Bend County,58,58 yrs,23507,11931,11576,4426,2305,2121,3426,1723,1703,5784,2903,2881,9074,4538,4536,797,462,335
2049,157,Fort Bend County,59,59 yrs,22563,11207,11356,4033,2092,1941,3043,1442,1601,5526,2715,2811,9248,4484,4764,713,474,239
2049,157,Fort Bend County,60,60 yrs,20946,10750,10196,4191,2164,2027,2722,1298,1424,5099,2599,2500,8335,4323,4012,599,366,233
2049,157,Fort Bend County,61,61 yrs,20376,10126,10250,4433,2210,2223,2432,1008,1424,4769,2516,2253,8162,4059,4103,580,333,247
2049,157,Fort Bend County,62,62 yrs,20188,10323,9865,4744,2345,2399,2321,1063,1258,4827,2450,2377,7627,4104,3523,669,361,308
2049,157,Fort Bend County,63,63 yrs,19915,9887,10028,4773,2431,2342,2242,969,1273,4739,2430,2309,7608,3750,3858,553,307,246
2049,157,Fort Bend County,64,64 yrs,20467,10266,10201,5149,2520,2629,2149,922,1227,4627,2219,2408,8059,4318,3741,483,287,196
2049,157,Fort Bend County,65,65 yrs,18575,8896,9679,4613,2229,2384,2010,832,1178,4270,2026,2244,7121,3522,3599,561,287,274
2049,157,Fort Bend County,66,66 yrs,18821,9066,9755,5133,2504,2629,2044,875,1169,4583,2174,2409,6542,3245,3297,519,268,251
2049,157,Fort Bend County,67,67 yrs,18163,8916,9247,5033,2435,2598,2020,833,1187,4382,2171,2211,6162,3199,2963,566,278,288
2049,157,Fort Bend County,68,68 yrs,17749,8471,9278,5190,2523,2667,2094,853,1241,4386,2031,2355,5425,2748,2677,654,316,338
2049,157,Fort Bend County,69,69 yrs,17556,8192,9364,5205,2489,2716,2290,892,1398,4084,1932,2152,5403,2595,2808,574,284,290
2049,157,Fort Bend County,70,70 yrs,16360,7606,8754,5031,2422,2609,2085,780,1305,3864,1825,2039,4747,2281,2466,633,298,335
2049,157,Fort Bend County,71,71 yrs,16141,7563,8578,4970,2388,2582,2048,781,1267,3872,1837,2035,4608,2239,2369,643,318,325
2049,157,Fort Bend County,72,72 yrs,15732,7023,8709,4917,2345,2572,2121,798,1323,3764,1661,2103,4402,2014,2388,528,205,323
2049,157,Fort Bend County,73,73 yrs,15463,7036,8427,4690,2239,2451,2061,750,1311,3726,1678,2048,4372,2034,2338,614,335,279
2049,157,Fort Bend County,74,74 yrs,16122,7216,8906,5134,2388,2746,2142,789,1353,3734,1701,2033,4451,1983,2468,661,355,306
2049,157,Fort Bend County,75,75 yrs,15332,6865,8467,4819,2331,2488,2204,796,1408,3308,1449,1859,4361,1962,2399,640,327,313
2049,157,Fort Bend County,76,76 yrs,15671,6990,8681,5048,2370,2678,2272,813,1459,3353,1471,1882,4408,2063,2345,590,273,317
2049,157,Fort Bend County,77,77 yrs,15813,6906,8907,5470,2528,2942,2298,813,1485,3206,1385,1821,4266,1886,2380,573,294,279
2049,157,Fort Bend County,78,78 yrs,15796,7052,8744,5756,2714,3042,2318,822,1496,3027,1344,1683,4123,1865,2258,572,307,265
2049,157,Fort Bend County,79,79 yrs,15016,6498,8518,5675,2606,3069,2076,696,1380,2876,1253,1623,3858,1676,2182,531,267,264
2049,157,Fort Bend County,80,80 yrs,13750,5966,7784,5119,2316,2803,1920,677,1243,2502,1101,1401,3678,1620,2058,531,252,279
2049,157,Fort Bend County,81,81 yrs,12685,5537,7148,4830,2314,2516,1793,619,1174,2382,989,1393,3268,1462,1806,412,153,259
2049,157,Fort Bend County,82,82 yrs,12251,5426,6825,4675,2186,2489,1653,569,1084,2204,934,1270,3317,1554,1763,402,183,219
2049,157,Fort Bend County,83,83 yrs,11732,5096,6636,4339,1973,2366,1574,537,1037,2212,906,1306,3221,1510,1711,386,170,216
2049,157,Fort Bend County,84,84 yrs,11167,4838,6329,4394,2017,2377,1506,482,1024,2033,820,1213,2817,1346,1471,417,173,244
2049,157,Fort Bend County,85,85 yrs,10683,4420,6263,4093,1726,2367,1424,427,997,1884,712,1172,2912,1396,1516,370,159,211
2049,157,Fort Bend County,86,86 yrs,10099,4287,5812,4021,1824,2197,1279,400,879,1718,640,1078,2752,1277,1475,329,146,183
2049,157,Fort Bend County,87,87 yrs,8913,3686,5227,3763,1622,2141,1122,343,779,1506,567,939,2210,1036,1174,312,118,194
2049,157,Fort Bend County,88,88 yrs,8372,3307,5065,3497,1441,2056,1074,334,740,1346,475,871,2198,969,1229,257,88,169
2049,157,Fort Bend County,89,89 yrs,7805,3186,4619,3386,1463,1923,968,301,667,1220,449,771,2031,891,1140,200,82,118
2049,157,Fort Bend County,90,90 yrs,6889,2713,4176,3101,1273,1828,833,237,596,1057,371,686,1742,773,969,156,59,97
2049,157,Fort Bend County,91,91 yrs,5987,2376,3611,2652,1122,1530,744,203,541,930,305,625,1537,696,841,124,50,74
2049,157,Fort Bend County,92,92 yrs,5048,1978,3070,2235,930,1305,613,168,445,770,251,519,1322,597,725,108,32,76
2049,157,Fort Bend County,93,93 yrs,4172,1630,2542,1717,703,1014,499,137,362,645,215,430,1217,542,675,94,33,61
2049,157,Fort Bend County,94,94 yrs,3311,1224,2087,1346,510,836,430,113,317,515,150,365,957,433,524,63,18,45
2049,157,Fort Bend County,95,95+ yrs,9643,3521,6122,3258,1177,2081,1139,269,870,1577,457,1120,3547,1590,1957,122,28,94
2050,157,Fort Bend County,-1,All Ages,2267998,1126737,1141261,503882,255188,248694,293547,137346,156201,565637,274223,291414,786297,399414,386883,118635,60566,58069
2050,157,Fort Bend County,0,< 1 yr,26670,13592,13078,4483,2286,2197,3426,1746,1680,8597,4384,4213,7710,3927,3783,2454,1249,1205
2050,157,Fort Bend County,1,1 yr,26776,13675,13101,4464,2278,2186,3407,1735,1672,8605,4388,4217,7908,4057,3851,2392,1217,1175
2050,157,Fort Bend County,2,2 yrs,27002,13793,13209,4472,2285,2187,3408,1731,1677,8645,4407,4238,8134,4185,3949,2343,1185,1158
2050,157,Fort Bend County,3,3 yrs,27264,13961,13303,4487,2294,2193,3411,1733,1678,8685,4428,4257,8381,4342,4039,2300,1164,1136
2050,157,Fort Bend County,4,4 yrs,27564,14115,13449,4518,2311,2207,3413,1729,1684,8725,4447,4278,8647,4490,4157,2261,1138,1123
2050,157,Fort Bend County,5,5 yrs,27903,14327,13576,4559,2334,2225,3415,1730,1685,8768,4470,4298,8935,4673,4262,2226,1120,1106
2050,157,Fort Bend County,6,6 yrs,27997,14364,13633,4615,2364,2251,3416,1726,1690,8758,4471,4287,9015,4706,4309,2193,1097,1096
2050,157,Fort Bend County,7,7 yrs,28134,14452,13682,4686,2402,2284,3425,1730,1695,8755,4476,4279,9106,4765,4341,2162,1079,1083
2050,157,Fort Bend County,8,8 yrs,28305,14534,13771,4766,2444,2322,3432,1728,1704,8755,4484,4271,9214,4816,4398,2138,1062,1076
2050,157,Fort Bend County,9,9 yrs,28512,14661,13851,4859,2494,2365,3447,1736,1711,8758,4491,4267,9334,4892,4442,2114,1048,1066
2050,157,Fort Bend County,10,10 yrs,28743,14771,13972,4959,2547,2412,3467,1740,1727,8766,4502,4264,9458,4951,4507,2093,1031,1062
2050,157,Fort Bend County,11,11 yrs,28784,14808,13976,5119,2634,2485,3501,1760,1741,8706,4465,4241,9374,4920,4454,2084,1029,1055
2050,157,Fort Bend County,12,12 yrs,28854,14832,14022,5281,2723,2558,3540,1776,1764,8649,4432,4217,9309,4879,4430,2075,1022,1053
2050,157,Fort Bend County,13,13 yrs,28925,14885,14040,5443,2811,2632,3589,1802,1787,8595,4398,4197,9235,4854,4381,2063,1020,1043
2050,157,Fort Bend County,14,14 yrs,28992,14902,14090,5605,2900,2705,3638,1823,1815,8546,4366,4180,9153,4806,4347,2050,1007,1043
2050,157,Fort Bend County,15,15 yrs,28993,14897,14096,5725,2956,2769,3689,1844,1845,8485,4327,4158,9063,4771,4292,2031,999,1032
2050,157,Fort Bend County,16,16 yrs,28990,14891,14099,5919,3071,2848,3752,1878,1874,8295,4231,4064,9005,4723,4282,2019,988,1031
2050,157,Fort Bend County,17,17 yrs,28769,14788,13981,6042,3140,2902,3783,1894,1889,8079,4118,3961,8887,4665,4222,1978,971,1007
2050,157,Fort Bend County,18,18 yrs,27648,14253,13395,5696,3010,2686,3688,1864,1824,7730,3946,3784,8595,4493,4102,1939,940,999
2050,157,Fort Bend County,19,19 yrs,26128,13480,12648,5138,2708,2430,3591,1825,1766,7262,3712,3550,8239,4312,3927,1898,923,975
2050,157,Fort Bend County,20,20 yrs,26051,13420,12631,5233,2778,2455,3691,1879,1812,7131,3636,3495,8110,4221,3889,1886,906,980
2050,157,Fort Bend County,21,21 yrs,26209,13445,12764,5186,2741,2445,3781,1914,1867,7091,3585,3506,8278,4299,3979,1873,906,967
2050,157,Fort Bend County,22,22 yrs,26453,13455,12998,5214,2733,2481,3874,1944,1930,7049,3525,3524,8458,4348,4110,1858,905,953
2050,157,Fort Bend County,23,23 yrs,26897,13639,13258,5392,2807,2585,3948,1978,1970,7015,3481,3534,8703,4474,4229,1839,899,940
2050,157,Fort Bend County,24,24 yrs,27029,13653,13376,5423,2828,2595,3981,1985,1996,6979,3438,3541,8836,4521,4315,1810,881,929
2050,157,Fort Bend County,25,25 yrs,27121,13647,13474,5445,2840,2605,4025,2002,2023,6920,3378,3542,8953,4554,4399,1778,873,905
2050,157,Fort Bend County,26,26 yrs,27553,13802,13751,5451,2844,2607,4032,2003,2029,7036,3418,3618,9289,4687,4602,1745,850,895
2050,157,Fort Bend County,27,27 yrs,27873,13897,13976,5374,2814,2560,4037,2001,2036,7136,3443,3693,9611,4794,4817,1715,845,870
2050,157,Fort Bend County,28,28 yrs,28243,14001,14242,5350,2809,2541,4020,1992,2028,7227,3464,3763,9977,4914,5063,1669,822,847
2050,157,Fort Bend County,29,29 yrs,28481,14047,14434,5255,2755,2500,3998,1980,2018,7306,3476,3830,10293,5026,5267,1629,810,819
2050,157,Fort Bend County,30,30 yrs,28718,14030,14688,5191,2715,2476,3957,1953,2004,7386,3491,3895,10586,5076,5510,1598,795,803
2050,157,Fort Bend County,31,31 yrs,29153,14319,14834,5189,2720,2469,3916,1929,1987,7463,3530,3933,11013,5355,5658,1572,785,787
2050,157,Fort Bend County,32,32 yrs,29468,14492,14976,5163,2706,2457,3863,1898,1965,7536,3558,3978,11373,5558,5815,1533,772,761
2050,157,Fort Bend County,33,33 yrs,29816,14733,15083,5172,2712,2460,3805,1870,1935,7603,3588,4015,11731,5797,5934,1505,766,739
2050,157,Fort Bend County,34,34 yrs,30135,14914,15221,5182,2716,2466,3742,1837,1905,7666,3621,4045,12071,5994,6077,1474,746,728
2050,157,Fort Bend County,35,35 yrs,30469,15143,15326,5201,2732,2469,3673,1800,1873,7747,3654,4093,12401,6218,6183,1447,739,708
2050,157,Fort Bend County,36,36 yrs,30335,15108,15227,5223,2742,2481,3598,1763,1835,7731,3655,4076,12360,6216,6144,1423,732,691
2050,157,Fort Bend County,37,37 yrs,30276,15163,15113,5236,2754,2482,3516,1723,1793,7711,3648,4063,12398,6306,6092,1415,732,683
2050,157,Fort Bend County,38,38 yrs,30233,15158,15075,5278,2773,2505,3445,1685,1760,7684,3642,4042,12440,6339,6101,1386,719,667
2050,157,Fort Bend County,39,39 yrs,30287,15272,15015,5337,2811,2526,3392,1660,1732,7662,3635,4027,12522,6445,6077,1374,721,653
2050,157,Fort Bend County,40,40 yrs,31947,16269,15678,6192,3466,2726,3480,1669,1811,7722,3619,4103,13190,6785,6405,1363,730,633
2050,157,Fort Bend County,41,41 yrs,32291,16296,15995,6669,3567,3102,3860,1836,2024,7614,3547,4067,12761,6546,6215,1387,800,587
2050,157,Fort Bend County,42,42 yrs,32683,16601,16082,6550,3465,3085,3865,1870,1995,7413,3587,3826,13547,6991,6556,1308,688,620
2050,157,Fort Bend County,43,43 yrs,33170,16721,16449,6816,3591,3225,4067,1939,2128,7582,3581,4001,13330,6890,6440,1375,720,655
2050,157,Fort Bend County,44,44 yrs,33155,17059,16096,7229,3972,3257,4005,2003,2002,7400,3597,3803,13232,6819,6413,1289,668,621
2050,157,Fort Bend County,45,45 yrs,33042,16667,16375,7231,3899,3332,4071,1878,2193,7547,3644,3903,12785,6477,6308,1408,769,639
2050,157,Fort Bend County,46,46 yrs,33835,17113,16722,7489,3842,3647,4255,2042,2213,7395,3590,3805,13166,6790,6376,1530,849,681
2050,157,Fort Bend County,47,47 yrs,33453,16989,16464,7344,3726,3618,4313,2185,2128,7464,3530,3934,12994,6854,6140,1338,694,644
2050,157,Fort Bend County,48,48 yrs,32422,17121,15301,7502,4026,3476,4200,2084,2116,7360,3523,3837,11949,6636,5313,1411,852,559
2050,157,Fort Bend County,49,49 yrs,33401,17311,16090,7591,4024,3567,4495,2147,2348,7184,3452,3732,12627,6845,5782,1504,843,661
2050,157,Fort Bend County,50,50 yrs,32453,16693,15760,7910,4345,3565,4471,2188,2283,7113,3447,3666,11477,5874,5603,1482,839,643
2050,157,Fort Bend County,51,51 yrs,31568,15827,15741,7390,3918,3472,4417,2132,2285,7077,3327,3750,11236,5667,5569,1448,783,665
2050,157,Fort Bend County,52,52 yrs,31595,16134,15461,7282,3844,3438,4534,2108,2426,6724,3277,3447,11639,6146,5493,1416,759,657
2050,157,Fort Bend County,53,53 yrs,30787,15822,14965,7580,4054,3526,4357,2153,2204,6319,3057,3262,11284,5848,5436,1247,710,537
2050,157,Fort Bend County,54,54 yrs,30552,15834,14718,7558,4027,3531,4402,2112,2290,6339,3061,3278,11001,5908,5093,1252,726,526
2050,157,Fort Bend County,55,55 yrs,30273,15336,14937,7280,3817,3463,4320,1989,2331,6288,3093,3195,11086,5675,5411,1299,762,537
2050,157,Fort Bend County,56,56 yrs,30084,15168,14916,7436,3835,3601,4278,2065,2213,6419,3044,3375,10725,5531,5194,1226,693,533
2050,157,Fort Bend County,57,57 yrs,30168,15697,14471,7148,3835,3313,4448,2202,2246,6379,3089,3290,10928,5823,5105,1265,748,517
2050,157,Fort Bend County,58,58 yrs,27072,14071,13001,6253,3313,2940,3990,1925,2065,5983,3000,2983,9765,5194,4571,1081,639,442
2050,157,Fort Bend County,59,59 yrs,23804,12056,11748,4497,2340,2157,3428,1718,1710,5824,2923,2901,9233,4597,4636,822,478,344
2050,157,Fort Bend County,60,60 yrs,22859,11335,11524,4102,2128,1974,3041,1435,1606,5563,2733,2830,9415,4546,4869,738,493,245
2050,157,Fort Bend County,61,61 yrs,21298,10909,10389,4259,2197,2062,2719,1289,1430,5151,2606,2545,8551,4440,4111,618,377,241
2050,157,Fort Bend County,62,62 yrs,20714,10275,10439,4504,2243,2261,2429,1000,1429,4812,2519,2293,8370,4169,4201,599,344,255
2050,157,Fort Bend County,63,63 yrs,20516,10474,10042,4820,2380,2440,2313,1053,1260,4873,2455,2418,7824,4217,3607,686,369,317
2050,157,Fort Bend County,64,64 yrs,20232,10022,10210,4844,2463,2381,2234,960,1274,4775,2430,2345,7809,3853,3956,570,316,254
2050,157,Fort Bend County,65,65 yrs,20780,10409,10371,5218,2550,2668,2134,909,1225,4661,2216,2445,8270,4439,3831,497,295,202
2050,157,Fort Bend County,66,66 yrs,18847,9015,9832,4681,2259,2422,2009,828,1181,4318,2042,2276,7253,3588,3665,586,298,288
2050,157,Fort Bend County,67,67 yrs,19052,9163,9889,5201,2535,2666,2040,870,1170,4629,2187,2442,6641,3293,3348,541,278,263
2050,157,Fort Bend County,68,68 yrs,18354,8994,9360,5097,2464,2633,2017,828,1189,4423,2183,2240,6228,3231,2997,589,288,301
2050,157,Fort Bend County,69,69 yrs,17903,8521,9382,5247,2547,2700,2086,845,1241,4420,2036,2384,5471,2767,2704,679,326,353
2050,157,Fort Bend County,70,70 yrs,17692,8233,9459,5255,2509,2746,2280,884,1396,4113,1937,2176,5448,2610,2838,596,293,303
2050,157,Fort Bend County,71,71 yrs,16498,7655,8843,5071,2437,2634,2071,770,1301,3874,1822,2052,4826,2319,2507,656,307,349
2050,157,Fort Bend County,72,72 yrs,16240,7585,8655,4999,2396,2603,2028,767,1261,3880,1832,2048,4668,2263,2405,665,327,338
2050,157,Fort Bend County,73,73 yrs,15786,7019,8767,4940,2350,2590,2094,782,1312,3762,1650,2112,4444,2026,2418,546,211,335
2050,157,Fort Bend County,74,74 yrs,15495,7017,8478,4701,2237,2464,2033,733,1300,3720,1665,2055,4410,2040,2370,631,342,289
2050,157,Fort Bend County,75,75 yrs,16115,7180,8935,5136,2381,2755,2107,769,1338,3715,1682,2033,4480,1987,2493,677,361,316
2050,157,Fort Bend County,76,76 yrs,15379,6868,8511,4839,2336,2503,2172,777,1395,3259,1424,1835,4453,1998,2455,656,333,323
2050,157,Fort Bend County,77,77 yrs,15652,6957,8695,5054,2367,2687,2231,788,1443,3293,1442,1851,4471,2083,2388,603,277,326
2050,157,Fort Bend County,78,78 yrs,15744,6849,8895,5458,2514,2944,2256,789,1467,3141,1351,1790,4305,1898,2407,584,297,287
2050,157,Fort Bend County,79,79 yrs,15672,6961,8711,5724,2691,3033,2261,795,1466,2951,1304,1647,4156,1862,2294,580,309,271
2050,157,Fort Bend County,80,80 yrs,14841,6389,8452,5620,2571,3049,2019,668,1351,2789,1210,1579,3879,1674,2205,534,266,268
2050,157,Fort Bend County,81,81 yrs,13521,5842,7679,4988,2243,2745,1839,639,1200,2478,1074,1404,3685,1636,2049,531,250,281
2050,157,Fort Bend County,82,82 yrs,12391,5378,7013,4677,2226,2451,1709,580,1129,2350,960,1390,3244,1461,1783,411,151,260
2050,157,Fort Bend County,83,83 yrs,11923,5250,6673,4504,2091,2413,1570,532,1038,2159,899,1260,3294,1550,1744,396,178,218
2050,157,Fort Bend County,84,84 yrs,11366,4901,6465,4157,1875,2282,1487,497,990,2158,865,1293,3184,1499,1685,380,165,215
2050,157,Fort Bend County,85,85 yrs,10736,4615,6121,4182,1902,2280,1413,442,971,1968,779,1189,2767,1326,1441,406,166,240
2050,157,Fort Bend County,86,86 yrs,10159,4168,5991,3868,1615,2253,1324,390,934,1812,671,1141,2811,1346,1465,344,146,198
2050,157,Fort Bend County,87,87 yrs,9527,4000,5527,3761,1686,2075,1183,362,821,1637,597,1040,2642,1222,1420,304,133,171
2050,157,Fort Bend County,88,88 yrs,8304,3399,4905,3483,1482,2001,1027,308,719,1419,525,894,2089,977,1112,286,107,179
2050,157,Fort Bend County,89,89 yrs,7731,3008,4723,3199,1300,1899,969,292,677,1260,434,826,2073,906,1167,230,76,154
2050,157,Fort Bend County,90,90 yrs,7121,2861,4260,3057,1300,1757,869,262,607,1124,404,720,1895,826,1069,176,69,107
2050,157,Fort Bend County,91,91 yrs,6219,2415,3804,2753,1109,1644,741,205,536,961,332,629,1626,718,908,138,51,87
2050,157,Fort Bend County,92,92 yrs,5302,2069,3233,2313,960,1353,651,174,477,834,266,568,1403,630,773,101,39,62
2050,157,Fort Bend County,93,93 yrs,4404,1687,2717,1910,775,1135,525,138,387,679,216,463,1196,530,666,94,28,66
2050,157,Fort Bend County,94,94 yrs,3560,1366,2194,1430,567,863,426,114,312,561,182,379,1070,479,591,73,24,49
2050,157,Fort Bend County,95,95+ yrs,10557,3844,6713,3552,1274,2278,1252,301,951,1726,496,1230,3886,1740,2146,141,33,108
